3.756722e-04 1.000000e+01 -4.233618e-15 1.330000e+01
1.666667e-03 1.000000e+01 -4.323305e-15 1.330000e+01
2.957661e-03 1.000000e+01 -4.477110e-15 1.330000e+01
3.709006e-03 1.000000e+01 -4.615547e-15 1.330000e+01
5.000000e-03 1.000000e+01 -4.537983e-15 1.330000e+01
6.290994e-03 1.000000e+01 -4.948384e-15 1.330000e+01
7.042339e-03 1.000000e+01 -4.773620e-15 1.330000e+01
8.333333e-03 1.000000e+01 -4.461401e-15 1.330000e+01
9.624328e-03 1.000000e+01 -4.634201e-15 1.330000e+01
1.037567e-02 1.000000e+01 -4.435873e-15 1.330000e+01
1.166667e-02 1.000000e+01 -4.390709e-15 1.330000e+01
1.295766e-02 1.000000e+01 -4.429982e-15 1.330000e+01
1.370901e-02 1.000000e+01 -4.406418e-15 1.330000e+01
1.500000e-02 1.000000e+01 -4.351436e-15 1.330000e+01
1.629099e-02 1.000000e+01 -4.477110e-15 1.330000e+01
1.704234e-02 1.000000e+01 -4.765765e-15 1.330000e+01
1.833333e-02 1.000000e+01 -4.700965e-15 1.330000e+01
1.962433e-02 1.000000e+01 -4.697038e-15 1.330000e+01
2.037567e-02 1.000000e+01 -4.492819e-15 1.330000e+01
2.166667e-02 1.000000e+01 -4.587074e-15 1.330000e+01
2.295766e-02 1.000000e+01 -4.964094e-15 1.330000e+01
2.370901e-02 1.000000e+01 -4.610638e-15 1.330000e+01
2.500000e-02 1.000000e+01 -4.520310e-15 1.330000e+01
2.629099e-02 1.000000e+01 -4.665620e-15 1.330000e+01
2.704234e-02 1.000000e+01 -4.842348e-15 1.330000e+01
2.833333e-02 1.000000e+01 -4.767729e-15 1.330000e+01
2.962433e-02 1.000000e+01 -4.508528e-15 1.330000e+01
3.037567e-02 1.000000e+01 -4.481037e-15 1.330000e+01
3.166667e-02 1.000000e+01 -4.614565e-15 1.330000e+01
3.295766e-02 1.000000e+01 -4.869839e-15 1.330000e+01
3.370901e-02 1.000000e+01 -4.759875e-15 1.330000e+01
3.500000e-02 1.000000e+01 -4.767729e-15 1.330000e+01
3.629099e-02 1.000000e+01 -4.681329e-15 1.330000e+01
3.704234e-02 1.000000e+01 -4.539946e-15 1.330000e+01
3.833333e-02 1.000000e+01 -4.834493e-15 1.330000e+01
3.962433e-02 1.000000e+01 -4.901257e-15 1.330000e+01
4.037567e-02 1.000000e+01 -4.932675e-15 1.330000e+01
4.166667e-02 1.000000e+01 -4.905184e-15 1.330000e+01
4.295766e-02 1.000000e+01 -4.791293e-15 1.330000e+01
4.370901e-02 1.000000e+01 -4.844311e-15 1.330000e+01
4.500000e-02 1.000000e+01 -4.920893e-15 1.330000e+01
4.629099e-02 1.000000e+01 -4.791293e-15 1.330000e+01
4.704234e-02 1.000000e+01 -4.913039e-15 1.330000e+01
4.833333e-02 1.000000e+01 -5.121185e-15 1.330000e+01
4.962433e-02 1.000000e+01 -4.838420e-15 1.330000e+01
5.037567e-02 1.000000e+01 -4.844311e-15 1.330000e+01
5.166667e-02 1.000000e+01 -5.242931e-15 1.330000e+01
5.295766e-02 1.000000e+01 -5.356822e-15 1.330000e+01
5.370901e-02 1.000000e+01 -5.278277e-15 1.330000e+01
5.500000e-02 1.000000e+01 -4.810929e-15 1.330000e+01
5.629099e-02 1.000000e+01 -4.948384e-15 1.330000e+01
5.704234e-02 1.000000e+01 -4.820748e-15 1.330000e+01
5.833333e-02 1.000000e+01 -5.333259e-15 1.330000e+01
5.962433e-02 1.000000e+01 -5.215440e-15 1.330000e+01
6.037567e-02 1.000000e+01 -5.288095e-15 1.330000e+01
6.166667e-02 1.000000e+01 -5.686715e-15 1.330000e+01
6.295766e-02 1.000000e+01 -5.498205e-15 1.330000e+01
6.370901e-02 1.000000e+01 -5.319513e-15 1.330000e+01
6.500000e-02 1.000000e+01 -5.211513e-15 1.330000e+01
6.629099e-02 1.000000e+01 -4.964094e-15 1.330000e+01
6.704234e-02 1.000000e+01 -5.447150e-15 1.330000e+01
6.833333e-02 1.000000e+01 -5.945916e-15 1.330000e+01
6.962433e-02 1.000000e+01 -5.513914e-15 1.330000e+01
7.037567e-02 1.000000e+01 -5.415732e-15 1.330000e+01
7.166667e-02 1.000000e+01 -5.812388e-15 1.330000e+01
7.295766e-02 1.000000e+01 -6.173699e-15 1.330000e+01
7.370901e-02 1.000000e+01 -5.775079e-15 1.330000e+01
7.500000e-02 1.000000e+01 -5.333259e-15 1.330000e+01
7.629099e-02 1.000000e+01 -5.278277e-15 1.330000e+01
7.704234e-02 1.000000e+01 -5.146713e-15 1.330000e+01
7.833333e-02 1.000000e+01 -5.824170e-15 1.330000e+01
7.962433e-02 1.000000e+01 -5.733842e-15 1.330000e+01
8.037567e-02 1.000000e+01 -5.706351e-15 1.330000e+01
8.166667e-02 1.000000e+01 -5.788824e-15 1.330000e+01
8.295766e-02 1.000000e+01 -5.545332e-15 1.330000e+01
8.370901e-02 1.000000e+01 -5.301840e-15 1.330000e+01
8.500000e-02 1.000000e+01 -5.608169e-15 1.330000e+01
8.629099e-02 1.000000e+01 -5.953770e-15 1.330000e+01
8.704234e-02 1.000000e+01 -5.598351e-15 1.330000e+01
8.833333e-02 1.000000e+01 -5.274349e-15 1.330000e+01
8.962433e-02 1.000000e+01 -5.199731e-15 1.330000e+01
9.037567e-02 1.000000e+01 -5.219367e-15 1.330000e+01
9.166667e-02 1.000000e+01 -5.604242e-15 1.330000e+01
9.295766e-02 1.000000e+01 -5.796679e-15 1.330000e+01
9.370901e-02 1.000000e+01 -5.539441e-15 1.330000e+01
9.500000e-02 1.000000e+01 -5.616024e-15 1.330000e+01
9.629099e-02 1.000000e+01 -5.718133e-15 1.330000e+01
9.704234e-02 1.000000e+01 -5.906643e-15 1.330000e+01
9.833333e-02 1.000000e+01 -6.205117e-15 1.330000e+01
9.962433e-02 1.000000e+01 -6.205117e-15 1.330000e+01
1.003757e-01 1.000000e+01 -6.004825e-15 1.330000e+01
1.016667e-01 1.000000e+01 -5.918425e-15 1.330000e+01
1.029577e-01 1.000000e+01 -5.922352e-15 1.330000e+01
1.037090e-01 1.000000e+01 -5.940025e-15 1.330000e+01
1.050000e-01 1.000000e+01 -5.898788e-15 1.330000e+01
1.062910e-01 1.000000e+01 -5.812388e-15 1.330000e+01
1.070423e-01 1.000000e+01 -5.898788e-15 1.330000e+01
1.083333e-01 1.000000e+01 -5.910570e-15 1.330000e+01
1.096243e-01 1.000000e+01 -6.535009e-15 1.330000e+01
1.103757e-01 1.000000e+01 -6.055880e-15 1.330000e+01
1.116667e-01 1.000000e+01 -6.346499e-15 1.330000e+01
1.129577e-01 1.000000e+01 -6.236535e-15 1.330000e+01
1.137090e-01 1.000000e+01 -6.205117e-15 1.330000e+01
1.150000e-01 1.000000e+01 -6.095153e-15 1.330000e+01
1.162910e-01 1.000000e+01 -6.283663e-15 1.330000e+01
1.170423e-01 1.000000e+01 -6.372027e-15 1.330000e+01
1.183333e-01 1.000000e+01 -6.075516e-15 1.330000e+01
1.196243e-01 1.000000e+01 -6.236535e-15 1.330000e+01
1.203757e-01 1.000000e+01 -6.483954e-15 1.330000e+01
1.216667e-01 1.000000e+01 -6.754937e-15 1.330000e+01
1.229577e-01 1.000000e+01 -6.817774e-15 1.330000e+01
1.237090e-01 1.000000e+01 -6.417191e-15 1.330000e+01
1.250000e-01 1.000000e+01 -6.637119e-15 1.330000e+01
1.262910e-01 1.000000e+01 -6.880611e-15 1.330000e+01
1.270423e-01 1.000000e+01 -7.102503e-15 1.330000e+01
1.283333e-01 1.000000e+01 -6.696028e-15 1.330000e+01
1.296243e-01 1.000000e+01 -6.236535e-15 1.330000e+01
1.303757e-01 1.000000e+01 -6.046062e-15 1.330000e+01
1.316667e-01 1.000000e+01 -7.135885e-15 1.330000e+01
1.329577e-01 1.000000e+01 -7.053411e-15 1.330000e+01
1.337090e-01 1.000000e+01 -5.830061e-15 1.330000e+01
1.350000e-01 1.000000e+01 -4.496746e-15 1.330000e+01
1.362910e-01 1.000000e+01 -7.179085e-15 1.330000e+01
1.370423e-01 1.000000e+01 -8.787310e-15 1.330000e+01
1.383333e-01 1.000000e+01 -7.002357e-15 1.330000e+01
1.396243e-01 1.000000e+01 -1.712298e-15 1.330000e+01
1.403757e-01 1.000000e+01 -4.198272e-15 1.330000e+01
1.416667e-01 1.000000e+01 -1.209605e-14 1.330000e+01
1.429577e-01 1.000000e+01 -1.294435e-14 1.330000e+01
1.437090e-01 1.000000e+01 -1.127132e-15 1.330000e+01
1.450000e-01 1.000000e+01 7.073048e-15 1.330000e+01
1.462910e-01 1.000000e+01 -1.349417e-14 1.330000e+01
1.470423e-01 1.000000e+01 -3.004769e-14 1.330000e+01
1.483333e-01 1.000000e+01 -1.711513e-14 1.330000e+01
1.496243e-01 1.000000e+01 3.895871e-14 1.330000e+01
1.503757e-01 1.000000e+01 3.126908e-14 1.330000e+01
1.516667e-01 1.000000e+01 -3.816932e-14 1.330000e+01
1.529577e-01 1.000000e+01 -1.012612e-13 1.330000e+01
1.537090e-01 1.000000e+01 -8.331744e-15 1.330000e+01
1.550000e-01 1.000000e+01 1.319883e-13 1.330000e+01
1.562910e-01 1.000000e+01 6.729803e-14 1.330000e+01
1.570423e-01 1.000000e+01 -1.720251e-13 1.330000e+01
1.583333e-01 1.000000e+01 -2.834914e-13 1.330000e+01
1.596243e-01 1.000000e+01 1.887612e-13 1.330000e+01
1.603757e-01 1.000000e+01 5.246741e-13 1.330000e+01
1.616667e-01 1.000000e+01 2.525679e-13 1.330000e+01
1.629577e-01 1.000000e+01 -9.737164e-13 1.330000e+01
1.637090e-01 1.000000e+01 -1.011483e-12 1.330000e+01
1.650000e-01 1.000000e+01 3.912326e-13 1.330000e+01
1.662910e-01 1.000000e+01 2.402826e-12 1.330000e+01
1.670423e-01 1.000000e+01 1.039659e-12 1.330000e+01
1.683333e-01 1.000000e+01 -2.599041e-12 1.330000e+01
1.696243e-01 1.000000e+01 -4.147720e-12 1.330000e+01
1.703757e-01 1.000000e+01 8.492527e-13 1.330000e+01
1.716667e-01 1.000000e+01 7.597121e-12 1.330000e+01
1.729577e-01 1.000000e+01 4.207839e-12 1.330000e+01
1.737090e-01 1.000000e+01 -8.001813e-12 1.330000e+01
1.750000e-01 1.000000e+01 -1.662031e-11 1.330000e+01
1.762910e-01 1.000000e+01 2.837938e-12 1.330000e+01
1.770423e-01 1.000000e+01 2.655058e-11 1.330000e+01
1.783333e-01 1.000000e+01 2.917739e-11 1.330000e+01
1.796243e-01 1.000000e+01 -2.961382e-11 1.330000e+01
1.803757e-01 1.000000e+01 -6.705915e-11 1.330000e+01
1.816667e-01 1.000000e+01 -3.967908e-11 1.330000e+01
1.829577e-01 1.000000e+01 1.020879e-10 1.330000e+01
1.837090e-01 1.000000e+01 1.461844e-10 1.330000e+01
1.850000e-01 1.000000e+01 2.984024e-11 1.330000e+01
1.862910e-01 1.000000e+01 -2.713632e-10 1.330000e+01
1.870423e-01 1.000000e+01 -2.901325e-10 1.330000e+01
1.883333e-01 1.000000e+01 4.499028e-11 1.330000e+01
1.896243e-01 1.000000e+01 6.356434e-10 1.330000e+01
1.903757e-01 1.000000e+01 5.425384e-10 1.330000e+01
1.916667e-01 1.000000e+01 -2.798415e-10 1.330000e+01
1.929577e-01 1.000000e+01 -1.384527e-09 1.330000e+01
1.937090e-01 1.000000e+01 -9.879960e-10 1.330000e+01
1.950000e-01 1.000000e+01 8.544608e-10 1.330000e+01
1.962910e-01 1.000000e+01 2.884372e-09 1.330000e+01
1.970423e-01 1.000000e+01 1.814550e-09 1.330000e+01
1.983333e-01 1.000000e+01 -2.065300e-09 1.330000e+01
1.996243e-01 1.000000e+01 -5.823910e-09 1.330000e+01
2.003757e-01 1.000000e+01 -3.450954e-09 1.330000e+01
2.016667e-01 1.000000e+01 4.304161e-09 1.330000e+01
2.029577e-01 1.000000e+01 1.137736e-08 1.330000e+01
2.037090e-01 1.000000e+01 6.738780e-09 1.330000e+01
2.050000e-01 1.000000e+01 -7.942298e-09 1.330000e+01
2.062910e-01 1.000000e+01 -2.114280e-08 1.330000e+01
2.070423e-01 1.000000e+01 -1.263522e-08 1.330000e+01
2.083333e-01 1.000000e+01 1.378290e-08 1.330000e+01
2.096243e-01 9.999999e+00 3.695203e-08 1.330000e+01
2.103757e-01 1.000000e+01 2.013659e-08 1.330000e+01
2.116667e-01 1.000000e+01 -2.785849e-08 1.330000e+01
2.129577e-01 1.000000e+01 -6.416129e-08 1.330000e+01
2.137090e-01 1.000000e+01 -2.157564e-08 1.330000e+01
2.150000e-01 9.999998e+00 9.487694e-08 1.330000e+01
2.162910e-01 9.999997e+00 1.874805e-07 1.329999e+01
2.170423e-01 9.999998e+00 9.434754e-08 1.330000e+01
2.183333e-01 1.000000e+01 -2.025266e-07 1.330001e+01
2.196243e-01 1.000001e+01 -4.409217e-07 1.330001e+01
2.203757e-01 1.000000e+01 -2.543681e-07 1.330001e+01
2.216667e-01 9.999977e+00 1.304421e-06 1.329996e+01
2.229577e-01 9.999920e+00 4.532256e-06 1.329986e+01
2.237090e-01 9.999875e+00 7.034010e-06 1.329978e+01
2.250000e-01 9.999776e+00 1.265442e-05 1.329960e+01
2.262910e-01 9.999652e+00 1.961603e-05 1.329937e+01
2.270423e-01 9.999562e+00 2.471003e-05 1.329921e+01
2.283333e-01 9.999281e+00 4.055515e-05 1.329871e+01
2.296243e-01 9.998818e+00 6.668867e-05 1.329787e+01
2.303757e-01 9.998429e+00 8.865614e-05 1.329717e+01
2.316667e-01 9.997339e+00 1.501498e-04 1.329521e+01
2.329577e-01 9.995714e+00 2.418579e-04 1.329229e+01
2.337090e-01 9.994437e+00 3.139185e-04 1.328999e+01
2.350000e-01 9.990919e+00 5.125530e-04 1.328366e+01
2.362910e-01 9.985755e+00 8.041489e-04 1.327437e+01
2.370423e-01 9.981659e+00 1.035633e-03 1.326701e+01
2.383333e-01 9.971178e+00 1.628480e-03 1.324816e+01
2.396243e-01 9.957079e+00 2.426218e-03 1.322283e+01
2.403757e-01 9.946660e+00 3.017063e-03 1.320410e+01
2.416667e-01 9.923032e+00 4.359248e-03 1.316167e+01
2.429577e-01 9.895121e+00 5.946676e-03 1.311164e+01
2.437090e-01 9.876318e+00 7.020092e-03 1.307792e+01
2.450000e-01 9.837864e+00 9.221868e-03 1.300903e+01
2.462910e-01 9.797367e+00 1.154520e-02 1.293670e+01
2.470423e-01 9.771750e+00 1.302232e-02 1.289092e+01
2.483333e-01 9.722228e+00 1.589041e-02 1.280250e+01
2.496243e-01 9.673206e+00 1.873476e-02 1.271538e+01
2.503757e-01 9.643078e+00 2.049379e-02 1.266178e+01
2.516667e-01 9.586764e+00 2.380143e-02 1.256161e+01
2.529577e-01 9.532976e+00 2.696230e-02 1.246660e+01
2.537090e-01 9.500528e+00 2.888341e-02 1.240918e+01
2.550000e-01 9.441024e+00 3.243369e-02 1.230375e+01
2.562910e-01 9.385100e+00 3.576437e-02 1.220564e+01
2.570423e-01 9.351661e+00 3.777328e-02 1.214680e+01
2.583333e-01 9.291021e+00 4.145202e-02 1.203977e+01
2.596243e-01 9.234356e+00 4.487303e-02 1.194107e+01
2.603757e-01 9.200649e+00 4.692819e-02 1.188212e+01
2.616667e-01 9.139986e+00 5.067164e-02 1.177547e+01
2.629577e-01 9.083356e+00 5.413797e-02 1.167754e+01
2.637090e-01 9.049776e+00 5.621556e-02 1.161918e+01
2.650000e-01 8.989699e+00 5.998673e-02 1.151398e+01
2.662910e-01 8.933560e+00 6.347168e-02 1.141758e+01
2.670423e-01 8.900329e+00 6.555737e-02 1.136021e+01
2.683333e-01 8.841161e+00 6.933378e-02 1.125705e+01
2.696243e-01 8.785806e+00 7.282076e-02 1.116259e+01
2.703757e-01 8.753052e+00 7.490559e-02 1.110644e+01
2.716667e-01 8.694943e+00 7.867301e-02 1.100565e+01
2.729577e-01 8.640579e+00 8.215131e-02 1.091337e+01
2.737090e-01 8.608381e+00 8.422940e-02 1.085854e+01
2.750000e-01 8.551372e+00 8.797851e-02 1.076029e+01
2.762910e-01 8.498148e+00 9.144095e-02 1.067030e+01
2.770423e-01 8.466564e+00 9.350838e-02 1.061686e+01
2.783333e-01 8.410637e+00 9.723291e-02 1.052123e+01
2.796243e-01 8.358646e+00 1.006746e-01 1.043357e+01
2.803757e-01 8.327725e+00 1.027286e-01 1.038155e+01
2.816667e-01 8.272853e+00 1.064242e-01 1.028855e+01
2.829577e-01 8.222111e+00 1.098416e-01 1.020324e+01
2.837090e-01 8.191895e+00 1.118804e-01 1.015262e+01
2.850000e-01 8.138096e+00 1.155440e-01 1.006224e+01
2.862910e-01 8.088538e+00 1.189347e-01 9.979252e+00
2.870423e-01 8.059041e+00 1.209568e-01 9.930028e+00
2.883333e-01 8.006392e+00 1.245864e-01 9.842224e+00
2.896243e-01 7.957916e+00 1.279487e-01 9.761517e+00
2.903757e-01 7.929113e+00 1.299531e-01 9.713659e+00
2.916667e-01 7.877706e+00 1.335471e-01 9.628378e+00
2.929577e-01 7.830245e+00 1.368797e-01 9.549903e+00
2.937090e-01 7.802083e+00 1.388659e-01 9.503379e+00
2.950000e-01 7.751943e+00 1.424233e-01 9.420554e+00
2.962910e-01 7.705511e+00 1.457254e-01 9.344250e+00
2.970423e-01 7.677950e+00 1.476928e-01 9.299025e+00
2.983333e-01 7.628996e+00 1.512131e-01 9.218584e+00
2.996243e-01 7.583640e+00 1.544842e-01 9.144391e+00
3.003757e-01 7.556688e+00 1.564325e-01 9.100425e+00
3.016667e-01 7.508817e+00 1.599153e-01 9.022293e+00
3.029577e-01 7.464512e+00 1.631551e-01 8.950142e+00
3.037090e-01 7.438189e+00 1.650843e-01 8.907396e+00
3.050000e-01 7.391388e+00 1.685295e-01 8.831496e+00
3.062910e-01 7.348041e+00 1.717379e-01 8.761321e+00
3.070423e-01 7.322323e+00 1.736479e-01 8.719754e+00
3.083333e-01 7.276633e+00 1.770557e-01 8.646008e+00
3.096243e-01 7.234200e+00 1.802328e-01 8.577741e+00
3.103757e-01 7.209031e+00 1.821236e-01 8.537312e+00
3.116667e-01 7.164415e+00 1.854941e-01 8.465643e+00
3.129577e-01 7.122926e+00 1.886400e-01 8.399217e+00
3.137090e-01 7.098295e+00 1.905118e-01 8.359886e+00
3.150000e-01 7.054653e+00 1.938455e-01 8.290220e+00
3.162910e-01 7.014085e+00 1.969605e-01 8.225569e+00
3.170423e-01 6.990011e+00 1.988133e-01 8.187297e+00
3.183333e-01 6.947329e+00 2.021105e-01 8.119559e+00
3.196243e-01 6.907597e+00 2.051949e-01 8.056620e+00
3.203757e-01 6.884046e+00 2.070290e-01 8.019369e+00
3.216667e-01 6.842350e+00 2.102902e-01 7.953489e+00
3.229577e-01 6.803443e+00 2.133443e-01 7.892200e+00
3.237090e-01 6.780371e+00 2.151600e-01 7.855933e+00
3.250000e-01 6.739586e+00 2.183855e-01 7.791841e+00
3.262910e-01 6.701522e+00 2.214097e-01 7.732143e+00
3.270423e-01 6.678945e+00 2.232072e-01 7.696824e+00
3.283333e-01 6.639015e+00 2.263977e-01 7.634455e+00
3.296243e-01 6.601721e+00 2.293924e-01 7.576290e+00
3.303757e-01 6.579627e+00 2.311719e-01 7.541886e+00
3.316667e-01 6.540583e+00 2.343278e-01 7.481176e+00
3.329577e-01 6.504029e+00 2.372935e-01 7.424489e+00
3.337090e-01 6.482369e+00 2.390552e-01 7.390966e+00
3.350000e-01 6.444158e+00 2.421772e-01 7.331854e+00
3.362910e-01 6.408367e+00 2.451143e-01 7.276592e+00
3.370423e-01 6.387154e+00 2.468585e-01 7.243919e+00
3.383333e-01 6.349716e+00 2.499472e-01 7.186347e+00
3.396243e-01 6.314622e+00 2.528560e-01 7.132459e+00
3.403757e-01 6.293846e+00 2.545831e-01 7.100604e+00
3.416667e-01 6.257212e+00 2.576389e-01 7.044515e+00
3.429577e-01 6.222793e+00 2.605200e-01 6.991953e+00
3.437090e-01 6.202410e+00 2.622302e-01 6.960889e+00
3.450000e-01 6.166521e+00 2.652537e-01 6.906229e+00
3.462910e-01 6.132794e+00 2.681077e-01 6.854945e+00
3.470423e-01 6.112823e+00 2.698012e-01 6.824643e+00
3.483333e-01 6.077641e+00 2.727930e-01 6.771362e+00
3.496243e-01 6.044536e+00 2.756202e-01 6.721311e+00
3.503757e-01 6.024953e+00 2.772973e-01 6.691745e+00
3.516667e-01 5.990503e+00 2.802580e-01 6.639792e+00
3.529577e-01 5.958029e+00 2.830588e-01 6.590932e+00
3.537090e-01 5.938806e+00 2.847199e-01 6.562076e+00
3.550000e-01 5.905013e+00 2.876501e-01 6.511405e+00
3.562910e-01 5.873155e+00 2.904250e-01 6.463695e+00
3.570423e-01 5.854313e+00 2.920702e-01 6.435525e+00
3.583333e-01 5.821187e+00 2.949704e-01 6.386092e+00
3.596243e-01 5.789892e+00 2.977198e-01 6.339492e+00
3.603757e-01 5.771386e+00 2.993495e-01 6.311985e+00
3.616667e-01 5.738909e+00 3.022201e-01 6.263746e+00
3.629577e-01 5.708208e+00 3.049445e-01 6.218221e+00
3.637090e-01 5.690049e+00 3.065588e-01 6.191354e+00
3.650000e-01 5.658169e+00 3.094004e-01 6.144269e+00
3.662910e-01 5.627999e+00 3.121002e-01 6.099782e+00
3.670423e-01 5.610176e+00 3.136994e-01 6.073535e+00
3.683333e-01 5.578923e+00 3.165125e-01 6.027566e+00
3.696243e-01 5.549298e+00 3.191879e-01 5.984084e+00
3.703757e-01 5.531784e+00 3.207723e-01 5.958436e+00
3.716667e-01 5.501089e+00 3.235573e-01 5.913546e+00
3.729577e-01 5.471987e+00 3.262087e-01 5.871037e+00
3.737090e-01 5.454802e+00 3.277785e-01 5.845970e+00
3.750000e-01 5.424691e+00 3.305358e-01 5.802124e+00
3.762910e-01 5.396081e+00 3.331636e-01 5.760558e+00
3.770423e-01 5.379181e+00 3.347189e-01 5.736053e+00
3.783333e-01 5.349613e+00 3.374489e-01 5.693218e+00
3.796243e-01 5.321516e+00 3.400534e-01 5.652566e+00
3.803757e-01 5.304928e+00 3.415944e-01 5.628607e+00
3.816667e-01 5.275892e+00 3.442975e-01 5.586751e+00
3.829577e-01 5.248250e+00 3.468790e-01 5.546986e+00
3.837090e-01 5.231936e+00 3.484058e-01 5.523556e+00
3.850000e-01 5.203431e+00 3.510824e-01 5.482649e+00
3.862910e-01 5.176281e+00 3.536411e-01 5.443745e+00
3.870423e-01 5.160256e+00 3.551540e-01 5.420828e+00
3.883333e-01 5.132240e+00 3.578043e-01 5.380842e+00
3.896243e-01 5.105520e+00 3.603404e-01 5.342774e+00
3.903757e-01 5.089764e+00 3.618395e-01 5.320355e+00
3.916667e-01 5.062264e+00 3.644639e-01 5.281263e+00
3.929577e-01 5.036009e+00 3.669777e-01 5.244007e+00
3.937090e-01 5.020519e+00 3.684631e-01 5.222073e+00
3.950000e-01 4.993474e+00 3.710619e-01 5.183848e+00
3.962910e-01 4.967634e+00 3.735535e-01 5.147381e+00
3.970423e-01 4.952408e+00 3.750253e-01 5.125918e+00
3.983333e-01 4.925859e+00 3.775988e-01 5.088535e+00
3.996243e-01 4.900456e+00 3.800685e-01 5.052837e+00
4.003757e-01 4.885476e+00 3.815269e-01 5.031832e+00
4.016667e-01 4.859357e+00 3.840753e-01 4.995268e+00
4.029577e-01 4.834355e+00 3.865231e-01 4.960316e+00
4.037090e-01 4.819632e+00 3.879682e-01 4.939757e+00
4.050000e-01 4.793986e+00 3.904917e-01 4.903989e+00
4.062910e-01 4.769397e+00 3.929180e-01 4.869765e+00
4.070423e-01 4.754905e+00 3.943498e-01 4.849639e+00
4.083333e-01 4.729668e+00 3.968488e-01 4.814645e+00
4.096243e-01 4.705466e+00 3.992535e-01 4.781129e+00
4.103757e-01 4.691222e+00 4.006722e-01 4.761426e+00
4.116667e-01 4.666437e+00 4.031468e-01 4.727185e+00
4.129577e-01 4.642627e+00 4.055302e-01 4.694359e+00
4.137090e-01 4.628603e+00 4.069359e-01 4.675066e+00
4.150000e-01 4.604206e+00 4.093864e-01 4.641558e+00
4.162910e-01 4.580767e+00 4.117486e-01 4.609405e+00
4.170423e-01 4.566981e+00 4.131414e-01 4.590513e+00
4.183333e-01 4.543017e+00 4.155679e-01 4.557717e+00
4.196243e-01 4.519955e+00 4.179091e-01 4.526219e+00
4.203757e-01 4.506379e+00 4.192889e-01 4.507717e+00
4.216667e-01 4.482785e+00 4.216918e-01 4.475616e+00
4.229577e-01 4.460074e+00 4.240120e-01 4.444757e+00
4.237090e-01 4.446725e+00 4.253791e-01 4.426636e+00
4.250000e-01 4.423546e+00 4.277585e-01 4.395210e+00
4.262910e-01 4.401202e+00 4.300579e-01 4.364974e+00
4.270423e-01 4.388056e+00 4.314124e-01 4.347224e+00
4.283333e-01 4.365228e+00 4.337684e-01 4.316456e+00
4.296243e-01 4.343216e+00 4.360472e-01 4.286829e+00
4.303757e-01 4.330283e+00 4.373890e-01 4.269440e+00
4.316667e-01 4.307854e+00 4.397220e-01 4.239312e+00
4.329577e-01 4.286200e+00 4.419802e-01 4.210279e+00
4.337090e-01 4.273468e+00 4.433095e-01 4.193243e+00
4.350000e-01 4.251375e+00 4.456197e-01 4.163740e+00
4.362910e-01 4.230033e+00 4.478573e-01 4.135286e+00
4.370423e-01 4.217499e+00 4.491742e-01 4.118594e+00
4.383333e-01 4.195784e+00 4.514617e-01 4.089700e+00
4.396243e-01 4.174794e+00 4.536789e-01 4.061812e+00
4.403757e-01 4.162460e+00 4.549834e-01 4.045457e+00
4.416667e-01 4.141074e+00 4.572483e-01 4.017156e+00
4.429577e-01 4.120379e+00 4.594451e-01 3.989824e+00
4.437090e-01 4.108228e+00 4.607372e-01 3.973797e+00
4.450000e-01 4.087196e+00 4.629797e-01 3.946077e+00
4.462910e-01 4.066846e+00 4.651559e-01 3.919288e+00
4.470423e-01 4.054898e+00 4.664357e-01 3.903583e+00
4.483333e-01 4.034197e+00 4.686557e-01 3.876431e+00
4.496243e-01 4.014135e+00 4.708113e-01 3.850177e+00
4.503757e-01 4.002357e+00 4.720786e-01 3.834789e+00
4.516667e-01 3.981983e+00 4.742760e-01 3.808195e+00
4.529577e-01 3.962255e+00 4.764105e-01 3.782468e+00
4.537090e-01 3.950682e+00 4.776651e-01 3.767393e+00
4.550000e-01 3.930652e+00 4.798396e-01 3.741349e+00
4.562910e-01 3.911222e+00 4.819525e-01 3.716146e+00
4.570423e-01 3.899816e+00 4.831941e-01 3.701380e+00
4.583333e-01 3.880093e+00 4.853452e-01 3.675881e+00
4.596243e-01 3.860983e+00 4.874356e-01 3.651201e+00
4.603757e-01 3.849781e+00 4.886637e-01 3.636745e+00
4.616667e-01 3.830419e+00 4.907904e-01 3.611791e+00
4.629577e-01 3.811639e+00 4.928571e-01 3.587637e+00
4.637090e-01 3.800618e+00 4.940709e-01 3.573493e+00
4.650000e-01 3.781565e+00 4.961720e-01 3.549086e+00
4.662910e-01 3.763100e+00 4.982132e-01 3.525468e+00
4.670423e-01 3.752278e+00 4.994118e-01 3.511640e+00
4.683333e-01 3.733600e+00 5.014857e-01 3.487789e+00
4.696243e-01 3.715508e+00 5.034993e-01 3.464719e+00
4.703757e-01 3.704899e+00 5.046815e-01 3.451215e+00
4.716667e-01 3.686564e+00 5.067263e-01 3.427927e+00
4.729577e-01 3.668804e+00 5.087102e-01 3.405419e+00
4.737090e-01 3.658391e+00 5.098751e-01 3.392242e+00
4.750000e-01 3.640422e+00 5.118896e-01 3.369519e+00
4.762910e-01 3.623054e+00 5.138427e-01 3.347573e+00
4.770423e-01 3.612869e+00 5.149899e-01 3.334718e+00
4.783333e-01 3.595263e+00 5.169755e-01 3.312535e+00
4.796243e-01 3.578227e+00 5.188993e-01 3.291122e+00
4.803757e-01 3.568210e+00 5.200312e-01 3.278558e+00
4.816667e-01 3.550868e+00 5.219939e-01 3.256836e+00
4.829577e-01 3.534109e+00 5.238955e-01 3.235867e+00
4.837090e-01 3.524238e+00 5.250180e-01 3.223524e+00
4.850000e-01 3.507101e+00 5.269705e-01 3.202114e+00
4.862910e-01 3.490520e+00 5.288633e-01 3.181435e+00
4.870423e-01 3.480693e+00 5.299859e-01 3.169204e+00
4.883333e-01 3.463540e+00 5.319467e-01 3.147903e+00
4.896243e-01 3.446947e+00 5.338468e-01 3.127337e+00
4.903757e-01 3.437060e+00 5.349807e-01 3.115098e+00
4.916667e-01 3.419762e+00 5.369692e-01 3.093698e+00
4.929577e-01 3.403098e+00 5.388902e-01 3.073100e+00
4.937090e-01 3.393090e+00 5.400458e-01 3.060744e+00
4.950000e-01 3.375480e+00 5.420810e-01 3.039049e+00
4.962910e-01 3.358637e+00 5.440302e-01 3.018350e+00
4.970423e-01 3.348343e+00 5.452222e-01 3.005727e+00
4.983333e-01 3.330150e+00 5.473322e-01 2.983453e+00
4.996243e-01 3.313228e+00 5.493006e-01 2.962754e+00
5.003757e-01 3.302023e+00 5.506065e-01 2.949063e+00
5.016667e-01 3.281004e+00 5.530613e-01 2.923416e+00
5.029577e-01 3.262114e+00 5.552733e-01 2.900412e+00
5.037090e-01 3.252432e+00 5.564078e-01 2.888647e+00
5.050000e-01 3.236509e+00 5.582750e-01 2.869342e+00
5.062910e-01 3.220329e+00 5.601747e-01 2.849769e+00
5.070423e-01 3.211124e+00 5.612570e-01 2.838649e+00
5.083333e-01 3.195685e+00 5.630763e-01 2.820008e+00
5.096243e-01 3.179985e+00 5.649311e-01 2.801069e+00
5.103757e-01 3.170968e+00 5.659986e-01 2.790200e+00
5.116667e-01 3.155692e+00 5.678088e-01 2.771816e+00
5.129577e-01 3.140141e+00 5.696531e-01 2.753152e+00
5.137090e-01 3.131171e+00 5.707174e-01 2.742410e+00
5.150000e-01 3.115946e+00 5.725257e-01 2.724209e+00
5.162910e-01 3.100497e+00 5.743640e-01 2.705769e+00
5.170423e-01 3.091601e+00 5.754247e-01 2.695157e+00
5.183333e-01 3.076522e+00 5.772269e-01 2.677178e+00
5.196243e-01 3.061250e+00 5.790557e-01 2.658995e+00
5.203757e-01 3.052456e+00 5.801103e-01 2.648538e+00
5.216667e-01 3.037522e+00 5.819019e-01 2.630822e+00
5.229577e-01 3.022392e+00 5.837181e-01 2.612922e+00
5.237090e-01 3.013677e+00 5.847650e-01 2.602633e+00
5.250000e-01 2.998896e+00 5.865433e-01 2.585201e+00
5.262910e-01 2.983954e+00 5.883454e-01 2.567596e+00
5.270423e-01 2.975364e+00 5.893838e-01 2.557479e+00
5.283333e-01 2.960800e+00 5.911474e-01 2.540341e+00
5.296243e-01 2.946065e+00 5.929343e-01 2.523036e+00
5.303757e-01 2.937585e+00 5.939635e-01 2.513095e+00
5.316667e-01 2.923189e+00 5.957108e-01 2.496262e+00
5.329577e-01 2.908615e+00 5.974813e-01 2.479263e+00
5.337090e-01 2.900234e+00 5.985005e-01 2.469504e+00
5.350000e-01 2.886034e+00 6.002307e-01 2.452978e+00
5.362910e-01 2.871677e+00 6.019848e-01 2.436280e+00
5.370423e-01 2.863429e+00 6.029945e-01 2.426693e+00
5.383333e-01 2.849440e+00 6.047095e-01 2.410452e+00
5.396243e-01 2.835254e+00 6.064501e-01 2.394023e+00
5.403757e-01 2.827087e+00 6.074525e-01 2.384587e+00
5.416667e-01 2.813214e+00 6.091556e-01 2.368594e+00
5.429577e-01 2.799135e+00 6.108859e-01 2.352400e+00
5.437090e-01 2.791039e+00 6.118824e-01 2.343098e+00
5.450000e-01 2.777313e+00 6.135754e-01 2.327335e+00
5.462910e-01 2.763396e+00 6.152965e-01 2.311362e+00
5.470423e-01 2.755399e+00 6.162873e-01 2.302190e+00
5.483333e-01 2.741828e+00 6.179704e-01 2.286651e+00
5.496243e-01 2.728028e+00 6.196826e-01 2.270893e+00
5.503757e-01 2.720088e+00 6.206680e-01 2.261848e+00
5.516667e-01 2.706604e+00 6.223419e-01 2.246522e+00
5.529577e-01 2.692892e+00 6.240463e-01 2.230967e+00
5.537090e-01 2.685014e+00 6.250271e-01 2.222039e+00
5.550000e-01 2.671663e+00 6.266931e-01 2.206912e+00
5.562910e-01 2.658092e+00 6.283908e-01 2.191547e+00
5.570423e-01 2.650298e+00 6.293674e-01 2.182731e+00
5.583333e-01 2.637075e+00 6.310258e-01 2.167799e+00
5.596243e-01 2.623597e+00 6.327164e-01 2.152625e+00
5.603757e-01 2.615850e+00 6.336884e-01 2.143924e+00
5.616667e-01 2.602707e+00 6.353377e-01 2.129196e+00
5.629577e-01 2.589321e+00 6.370198e-01 2.114223e+00
5.637090e-01 2.581645e+00 6.379860e-01 2.105645e+00
5.650000e-01 2.568657e+00 6.396246e-01 2.091135e+00
5.662910e-01 2.555438e+00 6.412963e-01 2.076377e+00
5.670423e-01 2.547865e+00 6.422559e-01 2.067929e+00
5.683333e-01 2.535037e+00 6.438822e-01 2.053645e+00
5.696243e-01 2.521943e+00 6.455425e-01 2.039109e+00
5.703757e-01 2.514433e+00 6.464948e-01 2.030793e+00
5.716667e-01 2.501711e+00 6.481083e-01 2.016738e+00
5.729577e-01 2.488730e+00 6.497565e-01 2.002425e+00
5.737090e-01 2.481300e+00 6.507014e-01 1.994241e+00
5.750000e-01 2.468742e+00 6.523019e-01 1.980413e+00
5.762910e-01 2.455938e+00 6.539380e-01 1.966321e+00
5.770423e-01 2.448615e+00 6.548754e-01 1.958268e+00
5.783333e-01 2.436229e+00 6.564626e-01 1.944666e+00
5.796243e-01 2.423561e+00 6.580859e-01 1.930798e+00
5.803757e-01 2.416309e+00 6.590152e-01 1.922878e+00
5.816667e-01 2.404040e+00 6.605873e-01 1.909514e+00
5.829577e-01 2.391498e+00 6.621955e-01 1.895885e+00
5.837090e-01 2.384335e+00 6.631152e-01 1.888111e+00
5.850000e-01 2.372254e+00 6.646694e-01 1.875005e+00
5.862910e-01 2.359924e+00 6.662600e-01 1.861633e+00
5.870423e-01 2.352895e+00 6.671687e-01 1.854013e+00
5.883333e-01 2.341034e+00 6.687039e-01 1.841170e+00
5.896243e-01 2.328887e+00 6.702766e-01 1.828053e+00
5.903757e-01 2.321951e+00 6.711748e-01 1.820580e+00
5.916667e-01 2.310224e+00 6.726928e-01 1.807981e+00
5.929577e-01 2.298195e+00 6.742499e-01 1.795096e+00
5.937090e-01 2.291331e+00 6.751391e-01 1.787756e+00
5.950000e-01 2.279752e+00 6.766416e-01 1.775383e+00
5.962910e-01 2.267898e+00 6.781838e-01 1.762721e+00
5.970423e-01 2.261150e+00 6.790637e-01 1.755515e+00
5.983333e-01 2.249781e+00 6.805490e-01 1.743378e+00
5.996243e-01 2.238125e+00 6.820732e-01 1.730961e+00
6.003757e-01 2.231487e+00 6.829417e-01 1.723903e+00
6.016667e-01 2.220288e+00 6.844060e-01 1.712030e+00
6.029577e-01 2.208787e+00 6.859090e-01 1.699879e+00
6.037090e-01 2.202242e+00 6.867645e-01 1.692979e+00
6.050000e-01 2.191214e+00 6.882071e-01 1.681372e+00
6.062910e-01 2.179904e+00 6.896896e-01 1.669478e+00
6.070423e-01 2.173480e+00 6.905335e-01 1.662723e+00
6.083333e-01 2.162662e+00 6.919578e-01 1.651349e+00
6.096243e-01 2.151552e+00 6.934236e-01 1.639677e+00
6.103757e-01 2.145232e+00 6.942585e-01 1.633045e+00
6.116667e-01 2.134561e+00 6.956681e-01 1.621872e+00
6.129577e-01 2.123570e+00 6.971187e-01 1.610407e+00
6.137090e-01 2.117311e+00 6.979443e-01 1.603897e+00
6.150000e-01 2.106755e+00 6.993368e-01 1.592943e+00
6.162910e-01 2.095920e+00 7.007670e-01 1.581723e+00
6.170423e-01 2.089776e+00 7.015792e-01 1.575366e+00
6.183333e-01 2.079456e+00 7.029466e-01 1.564687e+00
6.196243e-01 2.068914e+00 7.043474e-01 1.553779e+00
6.203757e-01 2.062953e+00 7.051411e-01 1.547611e+00
6.216667e-01 2.052936e+00 7.064765e-01 1.537258e+00
6.229577e-01 2.042700e+00 7.078411e-01 1.526707e+00
6.237090e-01 2.036903e+00 7.086135e-01 1.520748e+00
6.250000e-01 2.027137e+00 7.099137e-01 1.510739e+00
6.262910e-01 2.017185e+00 7.112375e-01 1.500575e+00
6.270423e-01 2.011557e+00 7.119863e-01 1.494838e+00
6.283333e-01 2.002094e+00 7.132466e-01 1.485203e+00
6.296243e-01 1.992560e+00 7.145197e-01 1.475495e+00
6.303757e-01 1.987195e+00 7.152377e-01 1.470031e+00
6.316667e-01 1.978227e+00 7.164410e-01 1.460893e+00
6.329577e-01 1.969346e+00 7.176349e-01 1.451847e+00
6.337090e-01 1.964395e+00 7.183011e-01 1.446810e+00
6.350000e-01 1.956266e+00 7.193943e-01 1.438559e+00
6.362910e-01 1.948535e+00 7.204321e-01 1.430744e+00
6.370423e-01 1.944390e+00 7.209876e-01 1.426568e+00
6.383333e-01 1.938083e+00 7.218313e-01 1.420233e+00
6.396243e-01 1.932791e+00 7.225388e-01 1.414931e+00
6.403757e-01 1.930379e+00 7.228611e-01 1.412518e+00
6.416667e-01 1.927340e+00 7.232685e-01 1.409470e+00
6.429577e-01 1.925320e+00 7.235419e-01 1.407426e+00
6.437090e-01 1.924589e+00 7.236424e-01 1.406675e+00
6.450000e-01 1.923663e+00 7.237717e-01 1.405709e+00
6.462910e-01 1.923107e+00 7.238506e-01 1.405120e+00
6.470423e-01 1.922961e+00 7.238717e-01 1.404962e+00
6.483333e-01 1.923062e+00 7.238581e-01 1.405064e+00
6.496243e-01 1.923598e+00 7.237827e-01 1.405627e+00
6.503757e-01 1.924087e+00 7.237141e-01 1.406139e+00
6.516667e-01 1.925103e+00 7.235723e-01 1.407198e+00
6.529577e-01 1.926334e+00 7.234034e-01 1.408461e+00
6.537090e-01 1.927119e+00 7.232971e-01 1.409256e+00
6.550000e-01 1.928535e+00 7.231083e-01 1.410668e+00
6.562910e-01 1.930030e+00 7.229116e-01 1.412139e+00
6.570423e-01 1.930884e+00 7.228000e-01 1.412975e+00
6.583333e-01 1.932264e+00 7.226191e-01 1.414330e+00
6.596243e-01 1.933566e+00 7.224458e-01 1.415627e+00
6.603757e-01 1.934250e+00 7.223534e-01 1.416320e+00
6.616667e-01 1.935299e+00 7.222088e-01 1.417404e+00
6.629577e-01 1.936243e+00 7.220762e-01 1.418398e+00
6.637090e-01 1.936726e+00 7.220079e-01 1.418909e+00
6.650000e-01 1.937477e+00 7.219031e-01 1.419695e+00
6.662910e-01 1.938180e+00 7.218086e-01 1.420404e+00
6.670423e-01 1.938548e+00 7.217607e-01 1.420763e+00
6.683333e-01 1.939131e+00 7.216875e-01 1.421312e+00
6.696243e-01 1.939673e+00 7.216207e-01 1.421814e+00
6.703757e-01 1.939953e+00 7.215860e-01 1.422074e+00
6.716667e-01 1.940372e+00 7.215318e-01 1.422480e+00
6.729577e-01 1.940721e+00 7.214828e-01 1.422848e+00
6.737090e-01 1.940882e+00 7.214582e-01 1.423033e+00
6.750000e-01 1.941107e+00 7.214215e-01 1.423309e+00
6.762910e-01 1.941310e+00 7.213884e-01 1.423557e+00
6.770423e-01 1.941419e+00 7.213716e-01 1.423683e+00
6.783333e-01 1.941616e+00 7.213450e-01 1.423883e+00
6.796243e-01 1.941839e+00 7.213195e-01 1.424075e+00
6.803757e-01 1.941970e+00 7.213057e-01 1.424178e+00
6.816667e-01 1.942196e+00 7.212822e-01 1.424355e+00
6.829577e-01 1.942412e+00 7.212577e-01 1.424539e+00
6.837090e-01 1.942526e+00 7.212432e-01 1.424648e+00
6.850000e-01 1.942698e+00 7.212174e-01 1.424841e+00
6.862910e-01 1.942843e+00 7.211913e-01 1.425037e+00
6.870423e-01 1.942918e+00 7.211766e-01 1.425148e+00
6.883333e-01 1.943036e+00 7.211541e-01 1.425317e+00
6.896243e-01 1.943154e+00 7.211356e-01 1.425456e+00
6.903757e-01 1.943221e+00 7.211274e-01 1.425517e+00
6.916667e-01 1.943330e+00 7.211178e-01 1.425589e+00
6.929577e-01 1.943425e+00 7.211129e-01 1.425626e+00
6.937090e-01 1.943465e+00 7.211121e-01 1.425632e+00
6.950000e-01 1.943496e+00 7.211130e-01 1.425626e+00
6.962910e-01 1.943470e+00 7.211161e-01 1.425602e+00
6.970423e-01 1.943430e+00 7.211187e-01 1.425583e+00
6.983333e-01 1.943336e+00 7.211236e-01 1.425546e+00
6.996243e-01 1.943225e+00 7.211298e-01 1.425500e+00
7.003757e-01 1.943165e+00 7.211336e-01 1.425471e+00
7.016667e-01 1.943093e+00 7.211404e-01 1.425419e+00
7.029577e-01 1.943062e+00 7.211480e-01 1.425363e+00
7.037090e-01 1.943062e+00 7.211524e-01 1.425330e+00
7.050000e-01 1.943073e+00 7.211601e-01 1.425272e+00
7.062910e-01 1.943066e+00 7.211689e-01 1.425205e+00
7.070423e-01 1.943045e+00 7.211743e-01 1.425165e+00
7.083333e-01 1.942964e+00 7.211845e-01 1.425088e+00
7.096243e-01 1.942823e+00 7.211965e-01 1.424999e+00
7.103757e-01 1.942722e+00 7.212040e-01 1.424942e+00
7.116667e-01 1.942541e+00 7.212181e-01 1.424836e+00
7.129577e-01 1.942379e+00 7.212334e-01 1.424722e+00
7.137090e-01 1.942304e+00 7.212425e-01 1.424653e+00
7.150000e-01 1.942218e+00 7.212581e-01 1.424536e+00
7.162910e-01 1.942176e+00 7.212734e-01 1.424421e+00
7.170423e-01 1.942161e+00 7.212820e-01 1.424356e+00
7.183333e-01 1.942126e+00 7.212960e-01 1.424252e+00
7.196243e-01 1.942057e+00 7.213082e-01 1.424160e+00
7.203757e-01 1.941999e+00 7.213143e-01 1.424114e+00
7.216667e-01 1.941869e+00 7.213232e-01 1.424047e+00
7.229577e-01 1.941732e+00 7.213293e-01 1.424001e+00
7.237090e-01 1.941661e+00 7.213318e-01 1.423982e+00
7.250000e-01 1.941586e+00 7.213341e-01 1.423965e+00
7.262910e-01 1.941603e+00 7.213323e-01 1.423978e+00
7.270423e-01 1.941651e+00 7.213298e-01 1.423997e+00
7.283333e-01 1.941789e+00 7.213226e-01 1.424052e+00
7.296243e-01 1.941976e+00 7.213098e-01 1.424148e+00
7.303757e-01 1.942092e+00 7.213000e-01 1.424222e+00
7.316667e-01 1.942287e+00 7.212771e-01 1.424394e+00
7.329577e-01 1.942470e+00 7.212462e-01 1.424626e+00
7.337090e-01 1.942576e+00 7.212248e-01 1.424787e+00
7.350000e-01 1.942781e+00 7.211823e-01 1.425106e+00
7.362910e-01 1.943037e+00 7.211352e-01 1.425460e+00
7.370423e-01 1.943220e+00 7.211061e-01 1.425678e+00
7.383333e-01 1.943578e+00 7.210584e-01 1.426036e+00
7.396243e-01 1.943959e+00 7.210172e-01 1.426345e+00
7.403757e-01 1.944167e+00 7.209980e-01 1.426490e+00
7.416667e-01 1.944437e+00 7.209762e-01 1.426653e+00
7.429577e-01 1.944567e+00 7.209670e-01 1.426723e+00
7.437090e-01 1.944566e+00 7.209678e-01 1.426717e+00
7.450000e-01 1.944439e+00 7.209768e-01 1.426649e+00
7.462910e-01 1.944195e+00 7.209931e-01 1.426528e+00
7.470423e-01 1.944021e+00 7.210053e-01 1.426436e+00
7.483333e-01 1.943735e+00 7.210284e-01 1.426263e+00
7.496243e-01 1.943510e+00 7.210529e-01 1.426079e+00
7.503757e-01 1.943419e+00 7.210670e-01 1.425972e+00
7.516667e-01 1.943341e+00 7.210894e-01 1.425804e+00
7.529577e-01 1.943318e+00 7.211096e-01 1.425652e+00
7.537090e-01 1.943313e+00 7.211200e-01 1.425574e+00
7.550000e-01 1.943270e+00 7.211350e-01 1.425461e+00
7.562910e-01 1.943150e+00 7.211466e-01 1.425373e+00
7.570423e-01 1.943053e+00 7.211514e-01 1.425338e+00
7.583333e-01 1.942863e+00 7.211559e-01 1.425304e+00
7.596243e-01 1.942688e+00 7.211569e-01 1.425296e+00
7.603757e-01 1.942620e+00 7.211557e-01 1.425305e+00
7.616667e-01 1.942597e+00 7.211516e-01 1.425337e+00
7.629577e-01 1.942693e+00 7.211464e-01 1.425376e+00
7.637090e-01 1.942792e+00 7.211431e-01 1.425402e+00
7.650000e-01 1.942980e+00 7.211381e-01 1.425439e+00
7.662910e-01 1.943117e+00 7.211345e-01 1.425467e+00
7.670423e-01 1.943155e+00 7.211330e-01 1.425478e+00
7.683333e-01 1.943113e+00 7.211313e-01 1.425490e+00
7.696243e-01 1.942942e+00 7.211310e-01 1.425493e+00
7.703757e-01 1.942810e+00 7.211311e-01 1.425491e+00
7.716667e-01 1.942586e+00 7.211327e-01 1.425479e+00
7.729577e-01 1.942423e+00 7.211367e-01 1.425450e+00
7.737090e-01 1.942376e+00 7.211399e-01 1.425425e+00
7.750000e-01 1.942384e+00 7.211477e-01 1.425367e+00
7.762910e-01 1.942450e+00 7.211585e-01 1.425286e+00
7.770423e-01 1.942488e+00 7.211663e-01 1.425227e+00
7.783333e-01 1.942482e+00 7.211818e-01 1.425111e+00
7.796243e-01 1.942326e+00 7.211983e-01 1.424987e+00
7.803757e-01 1.942172e+00 7.212081e-01 1.424915e+00
7.816667e-01 1.941822e+00 7.212242e-01 1.424794e+00
7.829577e-01 1.941416e+00 7.212392e-01 1.424682e+00
7.837090e-01 1.941200e+00 7.212469e-01 1.424624e+00
7.850000e-01 1.940937e+00 7.212580e-01 1.424541e+00
7.862910e-01 1.940792e+00 7.212660e-01 1.424482e+00
7.870423e-01 1.940766e+00 7.212693e-01 1.424457e+00
7.883333e-01 1.940750e+00 7.212734e-01 1.424425e+00
7.896243e-01 1.940647e+00 7.212746e-01 1.424416e+00
7.903757e-01 1.940542e+00 7.212745e-01 1.424416e+00
7.916667e-01 1.940217e+00 7.212733e-01 1.424425e+00
7.929577e-01 1.939734e+00 7.212690e-01 1.424458e+00
7.937090e-01 1.939437e+00 7.212658e-01 1.424482e+00
7.950000e-01 1.939044e+00 7.212604e-01 1.424522e+00
7.962910e-01 1.939029e+00 7.212526e-01 1.424582e+00
7.970423e-01 1.939180e+00 7.212475e-01 1.424621e+00
7.983333e-01 1.939671e+00 7.212394e-01 1.424682e+00
7.996243e-01 1.940747e+00 7.212305e-01 1.424750e+00
8.003757e-01 1.941547e+00 7.212260e-01 1.424784e+00
8.016667e-01 1.943503e+00 7.212209e-01 1.424823e+00
8.029577e-01 1.946619e+00 7.212143e-01 1.424872e+00
8.037090e-01 1.948731e+00 7.212128e-01 1.424884e+00
8.050000e-01 1.954523e+00 7.212154e-01 1.424864e+00
8.062910e-01 1.964517e+00 7.212111e-01 1.424897e+00
8.070423e-01 1.971154e+00 7.212125e-01 1.424887e+00
8.083333e-01 1.983748e+00 7.212246e-01 1.424796e+00
8.096243e-01 2.001795e+00 7.212177e-01 1.424851e+00
8.103757e-01 2.012603e+00 7.212217e-01 1.424823e+00
8.116667e-01 2.029607e+00 7.212480e-01 1.424626e+00
8.129577e-01 2.056701e+00 7.212297e-01 1.424773e+00
8.137090e-01 2.074886e+00 7.212356e-01 1.424731e+00
8.150000e-01 2.106280e+00 7.212860e-01 1.424338e+00
8.162910e-01 2.165982e+00 7.212468e-01 1.424650e+00
8.170423e-01 2.209564e+00 7.212535e-01 1.424597e+00
8.183333e-01 2.294750e+00 7.213185e-01 1.423958e+00
8.196243e-01 2.453105e+00 7.212882e-01 1.424473e+00
8.203757e-01 2.577307e+00 7.213004e-01 1.424485e+00
8.216667e-01 2.853741e+00 7.213744e-01 1.423972e+00
8.229577e-01 3.181605e+00 7.213789e-01 1.424197e+00
8.237090e-01 3.366693e+00 7.213824e-01 1.424259e+00
8.250000e-01 3.678940e+00 7.214236e-01 1.423989e+00
8.262910e-01 4.016469e+00 7.214387e-01 1.424081e+00
8.270423e-01 4.199489e+00 7.214433e-01 1.424172e+00
8.283333e-01 4.495614e+00 7.214657e-01 1.424065e+00
8.296243e-01 4.789702e+00 7.214771e-01 1.424107e+00
8.303757e-01 4.942835e+00 7.214800e-01 1.424162e+00
8.316667e-01 5.187522e+00 7.214906e-01 1.424104e+00
8.329577e-01 5.413621e+00 7.214961e-01 1.424101e+00
8.337090e-01 5.523091e+00 7.214958e-01 1.424130e+00
8.350000e-01 5.682339e+00 7.214956e-01 1.424126e+00
8.362910e-01 5.805882e+00 7.214928e-01 1.424163e+00
8.370423e-01 5.854670e+00 7.214894e-01 1.424212e+00
8.383333e-01 5.913675e+00 7.214824e-01 1.424282e+00
8.396243e-01 5.951721e+00 7.214751e-01 1.424375e+00
8.403757e-01 5.964728e+00 7.214708e-01 1.424431e+00
8.416667e-01 5.984325e+00 7.214653e-01 1.424502e+00
8.429577e-01 6.001031e+00 7.214632e-01 1.424554e+00
8.437090e-01 6.008657e+00 7.214632e-01 1.424572e+00
8.450000e-01 6.019172e+00 7.214649e-01 1.424590e+00
8.462910e-01 6.026635e+00 7.214681e-01 1.424588e+00
8.470423e-01 6.029364e+00 7.214699e-01 1.424575e+00
8.483333e-01 6.033537e+00 7.214723e-01 1.424532e+00
8.496243e-01 6.037720e+00 7.214694e-01 1.424406e+00
8.503757e-01 6.040060e+00 7.214648e-01 1.424286e+00
8.516667e-01 6.043008e+00 7.214464e-01 1.423991e+00
8.529577e-01 6.044382e+00 7.214113e-01 1.423544e+00
8.537090e-01 6.044759e+00 7.213764e-01 1.423143e+00
8.550000e-01 6.044467e+00 7.212954e-01 1.422292e+00
8.562910e-01 6.043276e+00 7.212014e-01 1.421379e+00
8.570423e-01 6.041594e+00 7.210961e-01 1.420399e+00
8.583333e-01 6.034886e+00 7.207769e-01 1.417446e+00
8.596243e-01 6.024074e+00 7.203393e-01 1.413423e+00
8.603757e-01 6.012712e+00 7.198944e-01 1.409354e+00
8.616667e-01 5.976921e+00 7.185197e-01 1.396686e+00
8.629577e-01 5.896689e+00 7.155344e-01 1.369574e+00
8.637090e-01 5.819478e+00 7.125279e-01 1.343152e+00
8.650000e-01 5.513970e+00 7.002775e-01 1.239223e+00
8.662910e-01 5.006429e+00 6.762815e-01 1.069739e+00
8.670423e-01 4.591279e+00 6.519773e-01 9.273712e-01
8.683333e-01 3.458188e+00 5.675121e-01 5.779926e-01
8.696243e-01 2.341418e+00 4.187106e-01 2.730613e-01
8.703757e-01 1.519135e+00 2.153106e-01 8.462733e-02
8.716667e-01 1.082971e+00 1.935473e-02 1.580704e-04
8.729577e-01 1.042915e+00 2.461145e-02 8.023047e-03
8.737090e-01 1.015915e+00 6.075028e-03 6.612865e-04
8.750000e-01 1.003245e+00 3.746781e-04 1.985709e-07
8.762910e-01 1.003898e+00 1.332114e-03 1.217223e-04
8.770423e-01 1.002169e+00 1.665380e-04 2.980475e-06
8.783333e-01 9.995179e-01 -4.049847e-05 5.251992e-07
8.796243e-01 1.000179e+00 1.788468e-05 1.213235e-06
8.803757e-01 1.000044e+00 4.376098e-07 1.000634e-06
8.816667e-01 9.999876e-01 -1.231594e-07 9.998216e-07
8.829577e-01 1.000006e+00 5.537379e-08 1.000080e-06
8.837090e-01 1.000000e+00 1.606194e-10 1.000000e-06
8.850000e-01 1.000000e+00 -4.548452e-11 9.999999e-07
8.862910e-01 1.000000e+00 2.004549e-11 1.000000e-06
8.870423e-01 1.000000e+00 8.322931e-13 1.000000e-06
8.883333e-01 1.000000e+00 -1.310396e-13 1.000000e-06
8.896243e-01 1.000000e+00 -3.560426e-13 1.000000e-06
8.903757e-01 1.000000e+00 4.778694e-13 1.000000e-06
8.916667e-01 1.000000e+00 7.279930e-14 1.000000e-06
8.929577e-01 1.000000e+00 -1.691772e-13 1.000000e-06
8.937090e-01 1.000000e+00 1.197390e-13 1.000000e-06
8.950000e-01 1.000000e+00 -3.136247e-14 1.000000e-06
8.962910e-01 1.000000e+00 -1.982602e-13 1.000000e-06
8.970423e-01 1.000000e+00 2.325013e-13 1.000000e-06
8.983333e-01 1.000000e+00 1.864976e-13 1.000000e-06
8.996243e-01 1.000000e+00 -3.731884e-13 1.000000e-06
9.003757e-01 1.000000e+00 -1.261059e-14 1.000000e-06
9.016667e-01 1.000000e+00 -5.514891e-14 1.000000e-06
9.029577e-01 1.000000e+00 -5.434837e-13 1.000000e-06
9.037090e-01 1.000000e+00 4.218252e-13 1.000000e-06
9.050000e-01 1.000000e+00 4.713249e-13 1.000000e-06
9.062910e-01 1.000000e+00 -7.440880e-13 1.000000e-06
9.070423e-01 1.000000e+00 -1.882662e-13 1.000000e-06
9.083333e-01 1.000000e+00 2.336415e-13 1.000000e-06
9.096243e-01 1.000000e+00 -7.243102e-14 1.000000e-06
9.103757e-01 1.000000e+00 3.002759e-13 1.000000e-06
9.116667e-01 1.000000e+00 -9.632312e-14 1.000000e-06
9.129577e-01 1.000000e+00 -6.262597e-14 1.000000e-06
9.137090e-01 1.000000e+00 2.805505e-13 1.000000e-06
9.150000e-01 1.000000e+00 -1.577047e-13 1.000000e-06
9.162910e-01 1.000000e+00 -7.430228e-13 1.000000e-06
9.170423e-01 1.000000e+00 3.074265e-13 1.000000e-06
9.183333e-01 1.000000e+00 4.750477e-13 1.000000e-06
9.196243e-01 1.000000e+00 -3.863958e-13 1.000000e-06
9.203757e-01 1.000000e+00 -6.632309e-14 1.000000e-06
9.216667e-01 1.000000e+00 3.197077e-13 1.000000e-06
9.229577e-01 1.000000e+00 6.580860e-14 1.000000e-06
9.237090e-01 1.000000e+00 -2.175709e-13 1.000000e-06
9.250000e-01 1.000000e+00 6.106022e-14 1.000000e-06
9.262910e-01 1.000000e+00 -2.829645e-13 1.000000e-06
9.270423e-01 1.000000e+00 -1.188079e-13 1.000000e-06
9.283333e-01 1.000000e+00 2.941674e-13 1.000000e-06
9.296243e-01 1.000000e+00 -1.604440e-13 1.000000e-06
9.303757e-01 1.000000e+00 -2.488089e-13 1.000000e-06
9.316667e-01 1.000000e+00 1.743526e-13 1.000000e-06
9.329577e-01 1.000000e+00 5.059024e-15 1.000000e-06
9.337090e-01 1.000000e+00 -8.574378e-14 1.000000e-06
9.350000e-01 1.000000e+00 6.245922e-14 1.000000e-06
9.362910e-01 1.000000e+00 5.934779e-14 1.000000e-06
9.370423e-01 1.000000e+00 -5.693296e-14 1.000000e-06
9.383333e-01 1.000000e+00 -1.663856e-13 1.000000e-06
9.396243e-01 1.000000e+00 1.888338e-13 1.000000e-06
9.403757e-01 1.000000e+00 2.277723e-13 1.000000e-06
9.416667e-01 1.000000e+00 -3.247545e-13 1.000000e-06
9.429577e-01 1.000000e+00 6.077954e-14 1.000000e-06
9.437090e-01 1.000000e+00 3.080026e-13 1.000000e-06
9.450000e-01 1.000000e+00 -1.365589e-13 1.000000e-06
9.462910e-01 1.000000e+00 -2.744066e-13 1.000000e-06
9.470423e-01 1.000000e+00 1.950688e-13 1.000000e-06
9.483333e-01 1.000000e+00 1.784059e-13 1.000000e-06
9.496243e-01 1.000000e+00 -1.647658e-13 1.000000e-06
9.503757e-01 1.000000e+00 -2.540775e-14 1.000000e-06
9.516667e-01 1.000000e+00 -5.567681e-14 1.000000e-06
9.529577e-01 1.000000e+00 2.218869e-13 1.000000e-06
9.537090e-01 1.000000e+00 1.432239e-13 1.000000e-06
9.550000e-01 1.000000e+00 2.454061e-14 1.000000e-06
9.562910e-01 1.000000e+00 6.679342e-14 1.000000e-06
9.570423e-01 1.000000e+00 -3.922740e-13 1.000000e-06
9.583333e-01 1.000000e+00 -2.257888e-13 1.000000e-06
9.596243e-01 1.000000e+00 5.278453e-13 1.000000e-06
9.603757e-01 1.000000e+00 2.648094e-13 1.000000e-06
9.616667e-01 1.000000e+00 -1.482563e-13 1.000000e-06
9.629577e-01 1.000000e+00 -4.733417e-13 1.000000e-06
9.637090e-01 1.000000e+00 -1.023568e-13 1.000000e-06
9.650000e-01 1.000000e+00 5.403262e-13 1.000000e-06
9.662910e-01 1.000000e+00 -2.520743e-13 1.000000e-06
9.670423e-01 1.000000e+00 -2.343187e-13 1.000000e-06
9.683333e-01 1.000000e+00 -1.667273e-13 1.000000e-06
9.696243e-01 1.000000e+00 2.213716e-13 1.000000e-06
9.703757e-01 1.000000e+00 4.450899e-13 1.000000e-06
9.716667e-01 1.000000e+00 -1.896549e-13 1.000000e-06
9.729577e-01 1.000000e+00 -2.284997e-13 1.000000e-06
9.737090e-01 1.000000e+00 -8.498117e-14 1.000000e-06
9.750000e-01 1.000000e+00 3.515808e-13 1.000000e-06
9.762910e-01 1.000000e+00 -2.182483e-14 1.000000e-06
9.770423e-01 1.000000e+00 -1.942063e-13 1.000000e-06
9.783333e-01 1.000000e+00 -1.227420e-13 1.000000e-06
9.796243e-01 1.000000e+00 -1.155039e-13 1.000000e-06
9.803757e-01 1.000000e+00 1.871915e-13 1.000000e-06
9.816667e-01 1.000000e+00 1.870313e-13 1.000000e-06
9.829577e-01 1.000000e+00 1.055795e-13 1.000000e-06
9.837090e-01 1.000000e+00 -4.394737e-13 1.000000e-06
9.850000e-01 1.000000e+00 8.605918e-14 1.000000e-06
9.862910e-01 1.000000e+00 2.567983e-13 1.000000e-06
9.870423e-01 1.000000e+00 -6.113501e-14 1.000000e-06
9.883333e-01 1.000000e+00 -2.062674e-15 1.000000e-06
9.896243e-01 1.000000e+00 -8.423388e-14 1.000000e-06
9.903757e-01 1.000000e+00 1.486102e-13 1.000000e-06
9.916667e-01 1.000000e+00 -4.162592e-14 1.000000e-06
9.929577e-01 1.000000e+00 -1.105646e-13 1.000000e-06
9.937090e-01 1.000000e+00 -1.261046e-14 1.000000e-06
9.950000e-01 1.000000e+00 5.669307e-16 1.000000e-06
9.962910e-01 1.000000e+00 6.304321e-14 1.000000e-06
9.970423e-01 1.000000e+00 -2.923370e-14 1.000000e-06
9.983333e-01 1.000000e+00 -9.767072e-14 1.000000e-06
9.996243e-01 1.000000e+00 -7.574869e-14 1.000000e-06
