-1.000000e+00 1.000004e+03 -3.900003e+00
-9.966667e-01 1.000002e+03 -3.900002e+00
-9.933333e-01 1.000006e+03 -3.900005e+00
-9.900000e-01 1.000013e+03 -3.900011e+00
-9.900000e-01 1.000014e+03 -3.900011e+00
-9.866667e-01 1.000012e+03 -3.900010e+00
-9.833333e-01 9.999871e+02 -3.899990e+00
-9.800000e-01 9.999217e+02 -3.899937e+00
-9.800000e-01 9.999331e+02 -3.899946e+00
-9.766667e-01 9.999106e+02 -3.899927e+00
-9.733333e-01 1.000003e+03 -3.900002e+00
-9.700000e-01 9.999915e+02 -3.899993e+00
-9.700000e-01 9.999784e+02 -3.899982e+00
-9.666667e-01 9.991356e+02 -3.899300e+00
-9.633333e-01 9.966778e+02 -3.897304e+00
-9.600000e-01 9.913569e+02 -3.892974e+00
-9.600000e-01 9.915017e+02 -3.893090e+00
-9.566667e-01 9.841932e+02 -3.887107e+00
-9.533333e-01 9.750330e+02 -3.879557e+00
-9.500000e-01 9.635809e+02 -3.870035e+00
-9.500000e-01 9.638709e+02 -3.870277e+00
-9.466667e-01 9.520571e+02 -3.860349e+00
-9.433333e-01 9.397906e+02 -3.849936e+00
-9.400000e-01 9.265115e+02 -3.838536e+00
-9.400000e-01 9.268031e+02 -3.838787e+00
-9.366667e-01 9.136593e+02 -3.827363e+00
-9.333333e-01 9.005775e+02 -3.815858e+00
-9.300000e-01 8.869429e+02 -3.803720e+00
-9.300000e-01 8.872151e+02 -3.803962e+00
-9.266667e-01 8.737193e+02 -3.791787e+00
-9.233333e-01 8.604631e+02 -3.779676e+00
-9.200000e-01 8.468742e+02 -3.767101e+00
-9.200000e-01 8.471272e+02 -3.767335e+00
-9.166667e-01 8.336546e+02 -3.754693e+00
-9.133333e-01 8.205129e+02 -3.742197e+00
-9.100000e-01 8.071502e+02 -3.729321e+00
-9.100000e-01 8.073899e+02 -3.729552e+00
-9.066667e-01 7.941359e+02 -3.716596e+00
-9.033333e-01 7.812525e+02 -3.703828e+00
-9.000000e-01 7.682117e+02 -3.690727e+00
-9.000000e-01 7.684398e+02 -3.690955e+00
-8.966667e-01 7.555071e+02 -3.677769e+00
-8.933333e-01 7.429625e+02 -3.664795e+00
-8.900000e-01 7.302992e+02 -3.651515e+00
-8.900000e-01 7.305169e+02 -3.651743e+00
-8.866667e-01 7.179650e+02 -3.638378e+00
-8.833333e-01 7.058050e+02 -3.625242e+00
-8.800000e-01 6.935514e+02 -3.611813e+00
-8.800000e-01 6.937593e+02 -3.612041e+00
-8.766667e-01 6.816201e+02 -3.598530e+00
-8.733333e-01 6.698689e+02 -3.585255e+00
-8.700000e-01 6.580410e+02 -3.571697e+00
-8.700000e-01 6.582393e+02 -3.571924e+00
-8.666667e-01 6.465279e+02 -3.558286e+00
-8.633333e-01 6.351962e+02 -3.544888e+00
-8.600000e-01 6.237999e+02 -3.531211e+00
-8.600000e-01 6.239890e+02 -3.531437e+00
-8.566667e-01 6.127104e+02 -3.517681e+00
-8.533333e-01 6.018006e+02 -3.504168e+00
-8.500000e-01 5.908359e+02 -3.490377e+00
-8.500000e-01 5.910160e+02 -3.490604e+00
-8.466667e-01 5.801694e+02 -3.476736e+00
-8.433333e-01 5.696796e+02 -3.463110e+00
-8.400000e-01 5.591433e+02 -3.449209e+00
-8.400000e-01 5.593146e+02 -3.449435e+00
-8.366667e-01 5.488963e+02 -3.435457e+00
-8.333333e-01 5.388226e+02 -3.421722e+00
-8.300000e-01 5.287099e+02 -3.407713e+00
-8.300000e-01 5.288727e+02 -3.407939e+00
-8.266667e-01 5.188778e+02 -3.393854e+00
-8.233333e-01 5.092153e+02 -3.380012e+00
-8.200000e-01 4.995209e+02 -3.365896e+00
-8.200000e-01 4.996754e+02 -3.366121e+00
-8.166667e-01 4.900986e+02 -3.351931e+00
-8.133333e-01 4.808420e+02 -3.337985e+00
-8.100000e-01 4.715604e+02 -3.323766e+00
-8.100000e-01 4.717068e+02 -3.323990e+00
-8.066667e-01 4.625423e+02 -3.309699e+00
-8.033333e-01 4.536861e+02 -3.295650e+00
-8.000000e-01 4.448110e+02 -3.281330e+00
-8.000000e-01 4.449496e+02 -3.281554e+00
-7.966667e-01 4.361908e+02 -3.267164e+00
-7.933333e-01 4.277281e+02 -3.253016e+00
-7.900000e-01 4.192521e+02 -3.238597e+00
-7.900000e-01 4.193831e+02 -3.238820e+00
-7.866667e-01 4.110219e+02 -3.224332e+00
-7.833333e-01 4.029444e+02 -3.210083e+00
-7.800000e-01 3.948582e+02 -3.195565e+00
-7.800000e-01 3.949819e+02 -3.195787e+00
-7.766667e-01 3.870081e+02 -3.181199e+00
-7.733333e-01 3.793055e+02 -3.166849e+00
-7.700000e-01 3.715980e+02 -3.152227e+00
-7.700000e-01 3.717146e+02 -3.152449e+00
-7.666667e-01 3.641169e+02 -3.137755e+00
-7.633333e-01 3.567777e+02 -3.123296e+00
-7.600000e-01 3.494367e+02 -3.108564e+00
-7.600000e-01 3.495466e+02 -3.108785e+00
-7.566667e-01 3.423123e+02 -3.093980e+00
-7.533333e-01 3.353245e+02 -3.079405e+00
-7.500000e-01 3.283378e+02 -3.064555e+00
-7.500000e-01 3.284412e+02 -3.064775e+00
-7.466667e-01 3.215583e+02 -3.049849e+00
-7.433333e-01 3.149098e+02 -3.035149e+00
-7.400000e-01 3.082652e+02 -3.020172e+00
-7.400000e-01 3.083625e+02 -3.020392e+00
-7.366667e-01 3.018185e+02 -3.005336e+00
-7.333333e-01 2.954977e+02 -2.990502e+00
-7.300000e-01 2.891830e+02 -2.975387e+00
-7.300000e-01 2.892745e+02 -2.975606e+00
-7.266667e-01 2.830572e+02 -2.960409e+00
-7.233333e-01 2.770519e+02 -2.945429e+00
-7.200000e-01 2.710548e+02 -2.930164e+00
-7.200000e-01 2.711408e+02 -2.930383e+00
-7.166667e-01 2.652378e+02 -2.915031e+00
-7.133333e-01 2.595362e+02 -2.899891e+00
-7.100000e-01 2.538444e+02 -2.884459e+00
-7.100000e-01 2.539251e+02 -2.884678e+00
-7.066667e-01 2.483241e+02 -2.869157e+00
-7.033333e-01 2.429142e+02 -2.853841e+00
-7.000000e-01 2.375157e+02 -2.838229e+00
-7.000000e-01 2.375914e+02 -2.838448e+00
-6.966667e-01 2.322806e+02 -2.822738e+00
-6.933333e-01 2.271511e+02 -2.807229e+00
-6.900000e-01 2.220346e+02 -2.791416e+00
-6.900000e-01 2.221055e+02 -2.791636e+00
-6.866667e-01 2.170736e+02 -2.775723e+00
-6.833333e-01 2.122137e+02 -2.760003e+00
-6.800000e-01 2.073683e+02 -2.743971e+00
-6.800000e-01 2.074346e+02 -2.744192e+00
-6.766667e-01 2.026710e+02 -2.728052e+00
-6.733333e-01 1.980705e+02 -2.712101e+00
-6.700000e-01 1.934856e+02 -2.695832e+00
-6.700000e-01 1.935477e+02 -2.696054e+00
-6.666667e-01 1.890418e+02 -2.679670e+00
-6.633333e-01 1.846908e+02 -2.663467e+00
-6.600000e-01 1.803565e+02 -2.646936e+00
-6.600000e-01 1.804146e+02 -2.647158e+00
-6.566667e-01 1.761564e+02 -2.630506e+00
-6.533333e-01 1.720449e+02 -2.614027e+00
-6.500000e-01 1.679510e+02 -2.597211e+00
-6.500000e-01 1.680052e+02 -2.597435e+00
-6.466667e-01 1.639847e+02 -2.580487e+00
-6.433333e-01 1.601028e+02 -2.563703e+00
-6.400000e-01 1.562393e+02 -2.546570e+00
-6.400000e-01 1.562899e+02 -2.546795e+00
-6.366667e-01 1.524967e+02 -2.529521e+00
-6.333333e-01 1.488347e+02 -2.512402e+00
-6.300000e-01 1.451915e+02 -2.494918e+00
-6.300000e-01 1.452387e+02 -2.495146e+00
-6.266667e-01 1.416630e+02 -2.477507e+00
-6.233333e-01 1.382112e+02 -2.460015e+00
-6.200000e-01 1.347787e+02 -2.442143e+00
-6.200000e-01 1.348226e+02 -2.442373e+00
-6.166667e-01 1.314549e+02 -2.424335e+00
-6.133333e-01 1.282045e+02 -2.406429e+00
-6.100000e-01 1.249739e+02 -2.388127e+00
-6.100000e-01 1.250148e+02 -2.388360e+00
-6.066667e-01 1.218466e+02 -2.369878e+00
-6.033333e-01 1.187892e+02 -2.351522e+00
-6.000000e-01 1.157520e+02 -2.332749e+00
-6.000000e-01 1.157900e+02 -2.332986e+00
-5.966667e-01 1.128128e+02 -2.314015e+00
-5.933333e-01 1.099402e+02 -2.295156e+00
-5.900000e-01 1.070879e+02 -2.275859e+00
-5.900000e-01 1.071232e+02 -2.276100e+00
-5.866667e-01 1.043280e+02 -2.256588e+00
-5.833333e-01 1.016313e+02 -2.237171e+00
-5.800000e-01 9.895478e+01 -2.217286e+00
-5.800000e-01 9.898758e+01 -2.217532e+00
-5.766667e-01 9.636548e+01 -2.197407e+00
-5.733333e-01 9.383604e+01 -2.177363e+00
-5.700000e-01 9.132665e+01 -2.156824e+00
-5.700000e-01 9.135709e+01 -2.157076e+00
-5.666667e-01 8.889991e+01 -2.136273e+00
-5.633333e-01 8.653033e+01 -2.115530e+00
-5.600000e-01 8.418105e+01 -2.094262e+00
-5.600000e-01 8.420928e+01 -2.094520e+00
-5.566667e-01 8.191013e+01 -2.072970e+00
-5.533333e-01 7.969382e+01 -2.051463e+00
-5.500000e-01 7.749799e+01 -2.029397e+00
-5.500000e-01 7.752411e+01 -2.029663e+00
-5.466667e-01 7.537639e+01 -2.007281e+00
-5.433333e-01 7.330665e+01 -1.984926e+00
-5.400000e-01 7.125701e+01 -1.961975e+00
-5.400000e-01 7.128118e+01 -1.962249e+00
-5.366667e-01 6.927723e+01 -1.938948e+00
-5.333333e-01 6.734641e+01 -1.915641e+00
-5.300000e-01 6.543511e+01 -1.891686e+00
-5.300000e-01 6.545746e+01 -1.891969e+00
-5.266667e-01 6.358928e+01 -1.867628e+00
-5.233333e-01 6.178958e+01 -1.843253e+00
-5.200000e-01 6.000898e+01 -1.818173e+00
-5.200000e-01 6.002964e+01 -1.818469e+00
-5.166667e-01 5.829021e+01 -1.792953e+00
-5.133333e-01 5.661524e+01 -1.767378e+00
-5.100000e-01 5.495912e+01 -1.741046e+00
-5.100000e-01 5.497821e+01 -1.741354e+00
-5.066667e-01 5.336142e+01 -1.714546e+00
-5.033333e-01 5.180543e+01 -1.687640e+00
-5.000000e-01 5.026796e+01 -1.659909e+00
-5.000000e-01 5.028558e+01 -1.660232e+00
-4.966667e-01 4.878534e+01 -1.631977e+00
-4.933333e-01 4.734196e+01 -1.603590e+00
-4.900000e-01 4.591643e+01 -1.574297e+00
-4.900000e-01 4.593270e+01 -1.574638e+00
-4.866667e-01 4.454236e+01 -1.544746e+00
-4.833333e-01 4.320514e+01 -1.514680e+00
-4.800000e-01 4.188504e+01 -1.483629e+00
-4.800000e-01 4.190006e+01 -1.483989e+00
-4.766667e-01 4.061327e+01 -1.452271e+00
-4.733333e-01 3.937644e+01 -1.420326e+00
-4.700000e-01 3.815634e+01 -1.387299e+00
-4.700000e-01 3.817021e+01 -1.387681e+00
-4.666667e-01 3.698169e+01 -1.353926e+00
-4.633333e-01 3.584015e+01 -1.319905e+00
-4.600000e-01 3.471500e+01 -1.284697e+00
-4.600000e-01 3.472780e+01 -1.285107e+00
-4.566667e-01 3.363282e+01 -1.249085e+00
-4.533333e-01 3.258196e+01 -1.212764e+00
-4.500000e-01 3.154691e+01 -1.175156e+00
-4.500000e-01 3.155873e+01 -1.175595e+00
-4.466667e-01 3.055228e+01 -1.137087e+00
-4.433333e-01 2.958732e+01 -1.098222e+00
-4.400000e-01 2.863758e+01 -1.057952e+00
-4.400000e-01 2.864851e+01 -1.058425e+00
-4.366667e-01 2.772569e+01 -1.017183e+00
-4.333333e-01 2.684185e+01 -9.755420e-01
-4.300000e-01 2.597271e+01 -9.323574e-01
-4.300000e-01 2.598281e+01 -9.328716e-01
-4.266667e-01 2.513907e+01 -8.886193e-01
-4.233333e-01 2.433174e+01 -8.439454e-01
-4.200000e-01 2.353835e+01 -7.975954e-01
-4.200000e-01 2.354770e+01 -7.981571e-01
-4.166667e-01 2.277840e+01 -7.506383e-01
-4.133333e-01 2.204351e+01 -7.026854e-01
-4.100000e-01 2.132194e+01 -6.529428e-01
-4.100000e-01 2.133062e+01 -6.535560e-01
-4.066667e-01 2.063173e+01 -6.025842e-01
-4.033333e-01 1.996534e+01 -5.511749e-01
-4.000000e-01 1.931134e+01 -4.978155e-01
-4.000000e-01 1.931941e+01 -4.984892e-01
-3.966667e-01 1.868631e+01 -4.438204e-01
-3.933333e-01 1.808381e+01 -3.887678e-01
-3.900000e-01 1.749294e+01 -3.316219e-01
-3.900000e-01 1.750043e+01 -3.323692e-01
-3.866667e-01 1.692968e+01 -2.738927e-01
-3.833333e-01 1.638871e+01 -2.152577e-01
-3.800000e-01 1.585854e+01 -1.544541e-01
-3.800000e-01 1.586544e+01 -1.552719e-01
-3.766667e-01 1.535354e+01 -9.305488e-02
-3.733333e-01 1.486946e+01 -3.080423e-02
-3.700000e-01 1.439283e+01 3.401829e-02
-3.700000e-01 1.439923e+01 3.312276e-02
-3.666667e-01 1.393928e+01 9.938733e-02
-3.633333e-01 1.350956e+01 1.648842e-01
-3.600000e-01 1.308740e+01 2.328884e-01
-3.600000e-01 1.309236e+01 2.320535e-01
-3.566667e-01 1.268889e+01 3.008169e-01
-3.533333e-01 1.232191e+01 3.667926e-01
-3.500000e-01 1.195602e+01 4.361005e-01
-3.500000e-01 1.195778e+01 4.357957e-01
-3.466667e-01 1.158801e+01 5.099013e-01
-3.433333e-01 1.128119e+01 5.746369e-01
-3.400000e-01 1.101866e+01 6.325173e-01
-3.400000e-01 1.101408e+01 6.338001e-01
-3.366667e-01 1.071545e+01 7.027307e-01
-3.333333e-01 1.042859e+01 7.723816e-01
-3.300000e-01 1.027060e+01 8.124880e-01
-3.300000e-01 1.028594e+01 8.080353e-01
-3.266667e-01 1.054570e+01 7.434304e-01
-3.233333e-01 1.106503e+01 6.222323e-01
-3.200000e-01 1.190338e+01 4.459064e-01
-3.200000e-01 1.192271e+01 4.420226e-01
-3.166667e-01 1.315985e+01 2.209131e-01
-3.133333e-01 1.394473e+01 9.847653e-02
-3.100000e-01 1.405898e+01 8.050387e-02
-3.100000e-01 1.412867e+01 7.146002e-02
-3.066667e-01 1.425929e+01 5.260352e-02
-3.033333e-01 1.437923e+01 3.574990e-02
-3.000000e-01 1.448916e+01 2.060923e-02
-3.000000e-01 1.448289e+01 2.148194e-02
-2.966667e-01 1.456591e+01 1.002099e-02
-2.933333e-01 1.463230e+01 8.854974e-04
-2.900000e-01 1.468834e+01 -6.832220e-03
-2.900000e-01 1.468761e+01 -6.724674e-03
-2.866667e-01 1.473553e+01 -1.326845e-02
-2.833333e-01 1.477429e+01 -1.838642e-02
-2.800000e-01 1.480704e+01 -2.261766e-02
-2.800000e-01 1.480673e+01 -2.257311e-02
-2.766667e-01 1.483553e+01 -2.635412e-02
-2.733333e-01 1.485920e+01 -2.955585e-02
-2.700000e-01 1.487890e+01 -3.225398e-02
-2.700000e-01 1.487871e+01 -3.221020e-02
-2.666667e-01 1.489523e+01 -3.449960e-02
-2.633333e-01 1.490933e+01 -3.634968e-02
-2.600000e-01 1.492208e+01 -3.789264e-02
-2.600000e-01 1.492181e+01 -3.786762e-02
-2.566667e-01 1.493264e+01 -3.916903e-02
-2.533333e-01 1.494114e+01 -4.031634e-02
-2.500000e-01 1.494814e+01 -4.135016e-02
-2.500000e-01 1.494803e+01 -4.132934e-02
-2.466667e-01 1.495387e+01 -4.219277e-02
-2.433333e-01 1.495899e+01 -4.287049e-02
-2.400000e-01 1.496387e+01 -4.341631e-02
-2.400000e-01 1.496374e+01 -4.340991e-02
-2.366667e-01 1.496801e+01 -4.384010e-02
-2.333333e-01 1.497113e+01 -4.423194e-02
-2.300000e-01 1.497344e+01 -4.461721e-02
-2.300000e-01 1.497343e+01 -4.460888e-02
-2.266667e-01 1.497529e+01 -4.496836e-02
-2.233333e-01 1.497696e+01 -4.524011e-02
-2.200000e-01 1.497869e+01 -4.540239e-02
-2.200000e-01 1.497862e+01 -4.540813e-02
-2.166667e-01 1.498047e+01 -4.549258e-02
-2.133333e-01 1.498178e+01 -4.561070e-02
-2.100000e-01 1.498246e+01 -4.577382e-02
-2.100000e-01 1.498245e+01 -4.576860e-02
-2.066667e-01 1.498273e+01 -4.591771e-02
-2.033333e-01 1.498309e+01 -4.602434e-02
-2.000000e-01 1.498376e+01 -4.608817e-02
-2.000000e-01 1.498371e+01 -4.608896e-02
-1.966667e-01 1.498457e+01 -4.608621e-02
-1.933333e-01 1.498521e+01 -4.607527e-02
-1.900000e-01 1.498544e+01 -4.611842e-02
-1.900000e-01 1.498546e+01 -4.611487e-02
-1.866667e-01 1.498531e+01 -4.621890e-02
-1.833333e-01 1.498515e+01 -4.629731e-02
-1.800000e-01 1.498523e+01 -4.630813e-02
-1.800000e-01 1.498522e+01 -4.631320e-02
-1.766667e-01 1.498576e+01 -4.627353e-02
-1.733333e-01 1.498632e+01 -4.624140e-02
-1.700000e-01 1.498646e+01 -4.624907e-02
-1.700000e-01 1.498647e+01 -4.624669e-02
-1.666667e-01 1.498615e+01 -4.629729e-02
-1.633333e-01 1.498585e+01 -4.635767e-02
-1.600000e-01 1.498584e+01 -4.639635e-02
-1.600000e-01 1.498583e+01 -4.639357e-02
-1.566667e-01 1.498607e+01 -4.636862e-02
-1.533333e-01 1.498650e+01 -4.630414e-02
-1.500000e-01 1.498679e+01 -4.627518e-02
-1.500000e-01 1.498681e+01 -4.627273e-02
-1.466667e-01 1.498663e+01 -4.632178e-02
-1.433333e-01 1.498620e+01 -4.638699e-02
-1.400000e-01 1.498593e+01 -4.641262e-02
-1.400000e-01 1.498594e+01 -4.641439e-02
-1.366667e-01 1.498615e+01 -4.639681e-02
-1.333333e-01 1.498658e+01 -4.635318e-02
-1.300000e-01 1.498685e+01 -4.631191e-02
-1.300000e-01 1.498685e+01 -4.631384e-02
-1.266667e-01 1.498677e+01 -4.631692e-02
-1.233333e-01 1.498645e+01 -4.637384e-02
-1.200000e-01 1.498616e+01 -4.643568e-02
-1.200000e-01 1.498616e+01 -4.643115e-02
-1.166667e-01 1.498610e+01 -4.643404e-02
-1.133333e-01 1.498642e+01 -4.637841e-02
-1.100000e-01 1.498688e+01 -4.632709e-02
-1.100000e-01 1.498687e+01 -4.632765e-02
-1.066667e-01 1.498697e+01 -4.632720e-02
-1.033333e-01 1.498661e+01 -4.637267e-02
-1.000000e-01 1.498619e+01 -4.642007e-02
-1.000000e-01 1.498622e+01 -4.641979e-02
-9.666667e-02 1.498616e+01 -4.644100e-02
-9.333333e-02 1.498642e+01 -4.641608e-02
-9.000000e-02 1.498674e+01 -4.635892e-02
-9.000000e-02 1.498671e+01 -4.636483e-02
-8.666667e-02 1.498695e+01 -4.632529e-02
-8.333333e-02 1.498682e+01 -4.635609e-02
-8.000000e-02 1.498644e+01 -4.642454e-02
-8.000000e-02 1.498646e+01 -4.641909e-02
-7.666667e-02 1.498612e+01 -4.645718e-02
-7.333333e-02 1.498625e+01 -4.643230e-02
-7.000000e-02 1.498670e+01 -4.638315e-02
-7.000000e-02 1.498667e+01 -4.638511e-02
-6.666667e-02 1.498698e+01 -4.634741e-02
-6.333333e-02 1.498687e+01 -4.635550e-02
-6.000000e-02 1.498651e+01 -4.640119e-02
-6.000000e-02 1.498654e+01 -4.639868e-02
-5.666667e-02 1.498626e+01 -4.645372e-02
-5.333333e-02 1.498625e+01 -4.646131e-02
-5.000000e-02 1.498647e+01 -4.641294e-02
-5.000000e-02 1.498644e+01 -4.641981e-02
-4.666667e-02 1.498687e+01 -4.635814e-02
-4.333333e-02 1.498701e+01 -4.635151e-02
-4.000000e-02 1.498674e+01 -4.639754e-02
-4.000000e-02 1.498676e+01 -4.639223e-02
-3.666667e-02 1.498629e+01 -4.644974e-02
-3.333333e-02 1.498617e+01 -4.646436e-02
-3.000000e-02 1.498646e+01 -4.643998e-02
-3.000000e-02 1.498643e+01 -4.644083e-02
-2.666667e-02 1.498678e+01 -4.639067e-02
-2.333333e-02 1.498691e+01 -4.636075e-02
-2.000000e-02 1.498680e+01 -4.637919e-02
-2.000000e-02 1.498683e+01 -4.637634e-02
-1.666667e-02 1.498650e+01 -4.643878e-02
-1.333333e-02 1.498622e+01 -4.648068e-02
-1.000000e-02 1.498621e+01 -4.646454e-02
-1.000000e-02 1.498619e+01 -4.647013e-02
-6.666667e-03 1.498660e+01 -4.641268e-02
-3.333333e-03 1.498695e+01 -4.637502e-02
-8.673617e-18 1.498691e+01 -4.638111e-02
0.000000e+00 1.498693e+01 -4.637831e-02
3.333333e-03 1.498655e+01 -4.642593e-02
6.666667e-03 1.498627e+01 -4.647109e-02
1.000000e-02 1.498627e+01 -4.648528e-02
1.000000e-02 1.498626e+01 -4.648401e-02
1.333333e-02 1.498646e+01 -4.644820e-02
1.666667e-02 1.498673e+01 -4.639610e-02
2.000000e-02 1.498692e+01 -4.637785e-02
2.000000e-02 1.498692e+01 -4.637688e-02
2.333333e-02 1.498677e+01 -4.641449e-02
2.666667e-02 1.498637e+01 -4.647105e-02
3.000000e-02 1.498610e+01 -4.649482e-02
3.000000e-02 1.498610e+01 -4.649778e-02
3.333333e-02 1.498631e+01 -4.647212e-02
3.666667e-02 1.498668e+01 -4.642643e-02
4.000000e-02 1.498685e+01 -4.639468e-02
4.000000e-02 1.498685e+01 -4.639581e-02
4.333333e-02 1.498675e+01 -4.640847e-02
4.666667e-02 1.498649e+01 -4.645766e-02
5.000000e-02 1.498625e+01 -4.650554e-02
5.000000e-02 1.498626e+01 -4.650159e-02
5.333333e-02 1.498615e+01 -4.650383e-02
5.666667e-02 1.498638e+01 -4.645789e-02
6.000000e-02 1.498677e+01 -4.641333e-02
6.000000e-02 1.498675e+01 -4.641458e-02
6.333333e-02 1.498688e+01 -4.640955e-02
6.666667e-02 1.498659e+01 -4.645034e-02
7.000000e-02 1.498620e+01 -4.649750e-02
7.000000e-02 1.498622e+01 -4.649752e-02
7.333333e-02 1.498613e+01 -4.651605e-02
7.666667e-02 1.498631e+01 -4.649155e-02
8.000000e-02 1.498654e+01 -4.644420e-02
8.000000e-02 1.498653e+01 -4.644829e-02
8.333333e-02 1.498673e+01 -4.642077e-02
8.666667e-02 1.498671e+01 -4.644316e-02
9.000000e-02 1.498642e+01 -4.649628e-02
9.000000e-02 1.498645e+01 -4.649061e-02
9.333333e-02 1.498604e+01 -4.653218e-02
9.666667e-02 1.498603e+01 -4.652202e-02
1.000000e-01 1.498639e+01 -4.648235e-02
1.000000e-01 1.498636e+01 -4.648423e-02
1.033333e-01 1.498669e+01 -4.644548e-02
1.066667e-01 1.498667e+01 -4.644772e-02
1.100000e-01 1.498642e+01 -4.648504e-02
1.100000e-01 1.498644e+01 -4.648369e-02
1.133333e-01 1.498616e+01 -4.653016e-02
1.166667e-01 1.498602e+01 -4.654536e-02
1.200000e-01 1.498607e+01 -4.651753e-02
1.200000e-01 1.498606e+01 -4.652212e-02
1.233333e-01 1.498641e+01 -4.647669e-02
1.266667e-01 1.498670e+01 -4.645844e-02
1.300000e-01 1.498662e+01 -4.647936e-02
1.300000e-01 1.498665e+01 -4.647490e-02
1.333333e-01 1.498621e+01 -4.652185e-02
1.366667e-01 1.498594e+01 -4.655026e-02
1.400000e-01 1.498602e+01 -4.654837e-02
1.400000e-01 1.498600e+01 -4.654811e-02
1.433333e-01 1.498625e+01 -4.651476e-02
1.466667e-01 1.498647e+01 -4.648463e-02
1.500000e-01 1.498657e+01 -4.648164e-02
1.500000e-01 1.498656e+01 -4.648194e-02
1.533333e-01 1.498644e+01 -4.650826e-02
1.566667e-01 1.498610e+01 -4.654565e-02
1.600000e-01 1.498581e+01 -4.656282e-02
1.600000e-01 1.498581e+01 -4.656516e-02
1.633333e-01 1.498595e+01 -4.655257e-02
1.666667e-01 1.498630e+01 -4.652473e-02
1.700000e-01 1.498651e+01 -4.650441e-02
1.700000e-01 1.498652e+01 -4.650321e-02
1.733333e-01 1.498640e+01 -4.650823e-02
1.766667e-01 1.498619e+01 -4.653062e-02
1.800000e-01 1.498603e+01 -4.655918e-02
1.800000e-01 1.498603e+01 -4.655611e-02
1.833333e-01 1.498589e+01 -4.657137e-02
1.866667e-01 1.498590e+01 -4.656964e-02
1.900000e-01 1.498610e+01 -4.656430e-02
1.900000e-01 1.498608e+01 -4.656540e-02
1.933333e-01 1.498619e+01 -4.656061e-02
1.966667e-01 1.498597e+01 -4.657417e-02
2.000000e-01 1.498560e+01 -4.660058e-02
2.000000e-01 1.498562e+01 -4.660220e-02
2.033333e-01 1.498543e+01 -4.663601e-02
2.066667e-01 1.498533e+01 -4.666990e-02
2.100000e-01 1.498512e+01 -4.670610e-02
2.100000e-01 1.498514e+01 -4.670432e-02
2.133333e-01 1.498480e+01 -4.674700e-02
2.166667e-01 1.498446e+01 -4.679159e-02
2.200000e-01 1.498400e+01 -4.685516e-02
2.200000e-01 1.498402e+01 -4.685084e-02
2.233333e-01 1.498329e+01 -4.694255e-02
2.266667e-01 1.498250e+01 -4.705528e-02
2.300000e-01 1.498171e+01 -4.719629e-02
2.300000e-01 1.498172e+01 -4.719296e-02
2.333333e-01 1.498068e+01 -4.735138e-02
2.366667e-01 1.497921e+01 -4.753899e-02
2.400000e-01 1.497735e+01 -4.777513e-02
2.400000e-01 1.497739e+01 -4.777233e-02
2.433333e-01 1.497536e+01 -4.806756e-02
2.466667e-01 1.497297e+01 -4.842132e-02
2.500000e-01 1.496989e+01 -4.885945e-02
2.500000e-01 1.496998e+01 -4.884887e-02
2.533333e-01 1.496626e+01 -4.937867e-02
2.566667e-01 1.496198e+01 -4.998452e-02
2.600000e-01 1.495662e+01 -5.072994e-02
2.600000e-01 1.495677e+01 -5.070917e-02
2.633333e-01 1.495019e+01 -5.162630e-02
2.666667e-01 1.494272e+01 -5.269005e-02
2.700000e-01 1.493385e+01 -5.398204e-02
2.700000e-01 1.493404e+01 -5.395175e-02
2.733333e-01 1.492333e+01 -5.548726e-02
2.766667e-01 1.491069e+01 -5.726485e-02
2.800000e-01 1.489542e+01 -5.941229e-02
2.800000e-01 1.489577e+01 -5.936643e-02
2.833333e-01 1.487801e+01 -6.191249e-02
2.866667e-01 1.485774e+01 -6.482653e-02
2.900000e-01 1.483339e+01 -6.831743e-02
2.900000e-01 1.483402e+01 -6.823109e-02
2.933333e-01 1.480554e+01 -7.234892e-02
2.966667e-01 1.477331e+01 -7.701257e-02
3.000000e-01 1.473389e+01 -8.270940e-02
3.000000e-01 1.473499e+01 -8.255207e-02
3.033333e-01 1.468717e+01 -8.951492e-02
3.066667e-01 1.463330e+01 -9.743965e-02
3.100000e-01 1.456942e+01 -1.069250e-01
3.100000e-01 1.457121e+01 -1.066520e-01
3.133333e-01 1.449551e+01 -1.179737e-01
3.166667e-01 1.441028e+01 -1.308132e-01
3.200000e-01 1.430454e+01 -1.469177e-01
3.200000e-01 1.431123e+01 -1.458770e-01
3.233333e-01 1.417520e+01 -1.669931e-01
3.266667e-01 1.403158e+01 -1.896664e-01
3.300000e-01 1.384275e+01 -2.201051e-01
3.300000e-01 1.385269e+01 -2.179995e-01
3.333333e-01 1.358106e+01 -2.636925e-01
3.366667e-01 1.320288e+01 -3.294101e-01
3.400000e-01 1.250298e+01 -4.599619e-01
3.400000e-01 1.255560e+01 -4.505303e-01
3.433333e-01 1.145870e+01 -6.849787e-01
3.466667e-01 1.073093e+01 -8.656200e-01
3.500000e-01 1.039817e+01 -9.559935e-01
3.500000e-01 1.039797e+01 -9.560692e-01
3.533333e-01 1.029536e+01 -9.854320e-01
3.566667e-01 1.041424e+01 -9.517895e-01
3.600000e-01 1.071006e+01 -8.710260e-01
3.600000e-01 1.069647e+01 -8.748129e-01
3.633333e-01 1.115477e+01 -7.577543e-01
3.666667e-01 1.163268e+01 -6.450499e-01
3.700000e-01 1.212918e+01 -5.369251e-01
3.700000e-01 1.211833e+01 -5.391445e-01
3.733333e-01 1.267105e+01 -4.280944e-01
3.766667e-01 1.322808e+01 -3.249675e-01
3.800000e-01 1.380349e+01 -2.265592e-01
3.800000e-01 1.379303e+01 -2.282810e-01
3.833333e-01 1.440082e+01 -1.322740e-01
3.866667e-01 1.501543e+01 -4.249798e-02
3.900000e-01 1.565439e+01 4.398944e-02
3.900000e-01 1.564393e+01 4.263069e-02
3.933333e-01 1.630364e+01 1.254322e-01
3.966667e-01 1.696817e+01 2.029259e-01
4.000000e-01 1.765964e+01 2.779543e-01
4.000000e-01 1.764951e+01 2.768935e-01
4.033333e-01 1.836277e+01 3.489611e-01
4.066667e-01 1.908422e+01 4.169806e-01
4.100000e-01 1.983595e+01 4.831727e-01
4.100000e-01 1.982577e+01 4.823059e-01
4.133333e-01 2.059943e+01 5.459373e-01
4.166667e-01 2.138253e+01 6.062441e-01
4.200000e-01 2.219831e+01 6.651372e-01
4.200000e-01 2.218781e+01 6.644020e-01
4.233333e-01 2.302660e+01 7.211460e-01
4.266667e-01 2.387647e+01 7.751305e-01
4.300000e-01 2.476191e+01 8.280032e-01
4.300000e-01 2.475088e+01 8.273661e-01
4.333333e-01 2.566062e+01 8.784469e-01
4.366667e-01 2.658265e+01 9.271984e-01
4.400000e-01 2.754296e+01 9.750450e-01
4.400000e-01 2.753127e+01 9.744814e-01
4.433333e-01 2.851724e+01 1.020795e+00
4.466667e-01 2.951610e+01 1.065108e+00
4.500000e-01 3.055537e+01 1.108682e+00
4.500000e-01 3.054293e+01 1.108175e+00
4.533333e-01 3.160902e+01 1.150407e+00
4.566667e-01 3.268835e+01 1.190887e+00
4.600000e-01 3.381038e+01 1.230766e+00
4.600000e-01 3.379706e+01 1.230307e+00
4.633333e-01 3.494730e+01 1.269043e+00
4.666667e-01 3.611177e+01 1.306253e+00
4.700000e-01 3.732247e+01 1.342991e+00
4.700000e-01 3.730816e+01 1.342570e+00
4.733333e-01 3.854959e+01 1.378354e+00
4.766667e-01 3.980688e+01 1.412830e+00
4.800000e-01 4.111458e+01 1.446954e+00
4.800000e-01 4.109916e+01 1.446563e+00
4.833333e-01 4.244035e+01 1.479864e+00
4.866667e-01 4.379853e+01 1.512011e+00
4.900000e-01 4.521037e+01 1.543887e+00
4.900000e-01 4.519372e+01 1.543521e+00
4.933333e-01 4.664047e+01 1.574665e+00
4.966667e-01 4.810402e+01 1.604749e+00
5.000000e-01 4.962375e+01 1.634600e+00
5.000000e-01 4.960579e+01 1.634257e+00
5.033333e-01 5.116121e+01 1.663455e+00
5.066667e-01 5.273314e+01 1.691694e+00
5.100000e-01 5.436454e+01 1.719749e+00
5.100000e-01 5.434519e+01 1.719425e+00
5.133333e-01 5.601446e+01 1.746904e+00
5.166667e-01 5.770130e+01 1.773530e+00
5.200000e-01 5.945233e+01 1.800046e+00
5.200000e-01 5.943144e+01 1.799738e+00
5.233333e-01 6.122348e+01 1.825760e+00
5.266667e-01 6.303460e+01 1.851014e+00
5.300000e-01 6.491489e+01 1.876205e+00
5.300000e-01 6.489230e+01 1.875910e+00
5.333333e-01 6.681600e+01 1.900672e+00
5.366667e-01 6.875906e+01 1.924733e+00
5.400000e-01 7.077527e+01 1.948755e+00
5.400000e-01 7.075088e+01 1.948472e+00
5.433333e-01 7.281207e+01 1.972097e+00
5.466667e-01 7.489211e+01 1.995070e+00
5.500000e-01 7.704904e+01 2.018033e+00
5.500000e-01 7.702274e+01 2.017760e+00
5.533333e-01 7.922630e+01 2.040364e+00
5.566667e-01 8.144879e+01 2.062360e+00
5.600000e-01 8.375312e+01 2.084372e+00
5.600000e-01 8.372477e+01 2.084108e+00
5.633333e-01 8.607836e+01 2.105807e+00
5.666667e-01 8.845167e+01 2.126951e+00
5.700000e-01 9.091272e+01 2.148143e+00
5.700000e-01 9.088216e+01 2.147886e+00
5.733333e-01 9.339577e+01 2.168797e+00
5.766667e-01 9.592996e+01 2.189196e+00
5.800000e-01 9.855778e+01 2.209671e+00
5.800000e-01 9.852483e+01 2.209420e+00
5.833333e-01 1.012079e+02 2.229645e+00
5.866667e-01 1.039116e+02 2.249387e+00
5.900000e-01 1.067145e+02 2.269216e+00
5.900000e-01 1.066790e+02 2.268970e+00
5.933333e-01 1.095391e+02 2.288570e+00
5.966667e-01 1.124192e+02 2.307714e+00
6.000000e-01 1.154036e+02 2.326958e+00
6.000000e-01 1.153654e+02 2.326717e+00
6.033333e-01 1.184090e+02 2.345746e+00
6.066667e-01 1.214719e+02 2.364338e+00
6.100000e-01 1.246448e+02 2.383043e+00
6.100000e-01 1.246038e+02 2.382807e+00
6.133333e-01 1.278383e+02 2.401319e+00
6.166667e-01 1.310918e+02 2.419418e+00
6.200000e-01 1.344622e+02 2.437643e+00
6.200000e-01 1.344182e+02 2.437410e+00
6.233333e-01 1.378532e+02 2.455459e+00
6.266667e-01 1.413075e+02 2.473118e+00
6.300000e-01 1.448860e+02 2.490922e+00
6.300000e-01 1.448387e+02 2.490692e+00
6.333333e-01 1.484852e+02 2.508336e+00
6.366667e-01 1.521509e+02 2.525608e+00
6.400000e-01 1.559484e+02 2.543034e+00
6.400000e-01 1.558977e+02 2.542806e+00
6.433333e-01 1.597659e+02 2.560087e+00
6.466667e-01 1.636526e+02 2.577011e+00
6.500000e-01 1.676782e+02 2.594097e+00
6.500000e-01 1.676238e+02 2.593871e+00
6.533333e-01 1.717226e+02 2.610818e+00
6.566667e-01 1.758386e+02 2.627419e+00
6.600000e-01 1.801008e+02 2.644189e+00
6.600000e-01 1.800427e+02 2.643965e+00
6.633333e-01 1.843804e+02 2.660607e+00
6.666667e-01 1.887343e+02 2.676913e+00
6.700000e-01 1.932425e+02 2.693395e+00
6.700000e-01 1.931803e+02 2.693172e+00
6.733333e-01 1.977671e+02 2.709534e+00
6.766667e-01 2.023691e+02 2.725572e+00
6.800000e-01 2.071342e+02 2.741797e+00
6.800000e-01 2.070678e+02 2.741575e+00
6.833333e-01 2.119147e+02 2.757688e+00
6.866667e-01 2.167762e+02 2.773486e+00
6.900000e-01 2.218101e+02 2.789477e+00
6.900000e-01 2.217391e+02 2.789257e+00
6.933333e-01 2.268580e+02 2.805145e+00
6.966667e-01 2.319901e+02 2.820727e+00
7.000000e-01 2.373038e+02 2.836509e+00
7.000000e-01 2.372281e+02 2.836288e+00
7.033333e-01 2.426297e+02 2.851971e+00
7.066667e-01 2.480428e+02 2.867353e+00
7.100000e-01 2.536470e+02 2.882940e+00
7.100000e-01 2.535663e+02 2.882720e+00
7.133333e-01 2.592612e+02 2.898215e+00
7.166667e-01 2.649658e+02 2.913414e+00
7.200000e-01 2.708714e+02 2.928823e+00
7.200000e-01 2.707854e+02 2.928603e+00
7.233333e-01 2.767849e+02 2.943923e+00
7.266667e-01 2.827922e+02 2.958953e+00
7.300000e-01 2.890113e+02 2.974200e+00
7.300000e-01 2.889198e+02 2.973980e+00
7.333333e-01 2.952359e+02 2.989142e+00
7.366667e-01 3.015581e+02 3.004021e+00
7.400000e-01 3.081033e+02 3.019119e+00
7.400000e-01 3.080060e+02 3.018899e+00
7.433333e-01 3.146518e+02 3.033917e+00
7.466667e-01 3.213014e+02 3.048656e+00
7.500000e-01 3.281857e+02 3.063622e+00
7.500000e-01 3.280822e+02 3.063401e+00
7.533333e-01 3.350704e+02 3.078290e+00
7.566667e-01 3.420600e+02 3.092901e+00
7.600000e-01 3.492963e+02 3.107743e+00
7.600000e-01 3.491864e+02 3.107522e+00
7.633333e-01 3.565295e+02 3.122289e+00
7.666667e-01 3.638710e+02 3.136783e+00
7.700000e-01 3.714713e+02 3.151510e+00
7.700000e-01 3.713546e+02 3.151289e+00
7.733333e-01 3.790645e+02 3.165943e+00
7.766667e-01 3.867694e+02 3.180324e+00
7.800000e-01 3.947452e+02 3.194942e+00
7.800000e-01 3.946215e+02 3.194720e+00
7.833333e-01 4.027095e+02 3.209267e+00
7.866667e-01 4.107884e+02 3.223542e+00
7.900000e-01 4.191508e+02 3.238056e+00
7.900000e-01 4.190198e+02 3.237833e+00
7.933333e-01 4.274966e+02 3.252275e+00
7.966667e-01 4.359598e+02 3.266446e+00
8.000000e-01 4.447191e+02 3.280858e+00
8.000000e-01 4.445805e+02 3.280634e+00
8.033333e-01 4.534560e+02 3.294976e+00
8.066667e-01 4.623128e+02 3.309045e+00
8.100000e-01 4.714781e+02 3.323357e+00
8.100000e-01 4.713317e+02 3.323132e+00
8.133333e-01 4.806143e+02 3.337371e+00
8.166667e-01 4.898722e+02 3.351338e+00
8.200000e-01 4.994505e+02 3.365547e+00
8.200000e-01 4.992959e+02 3.365322e+00
8.233333e-01 5.089920e+02 3.379457e+00
8.266667e-01 5.186562e+02 3.393318e+00
8.300000e-01 5.286528e+02 3.407421e+00
8.300000e-01 5.284900e+02 3.407195e+00
8.333333e-01 5.386043e+02 3.421222e+00
8.366667e-01 5.486795e+02 3.434973e+00
8.400000e-01 5.590990e+02 3.448966e+00
8.400000e-01 5.589276e+02 3.448740e+00
8.433333e-01 5.694649e+02 3.462657e+00
8.466667e-01 5.799555e+02 3.476296e+00
8.500000e-01 5.908028e+02 3.490178e+00
8.500000e-01 5.906227e+02 3.489952e+00
8.533333e-01 6.015880e+02 3.503755e+00
8.566667e-01 6.124986e+02 3.517282e+00
8.600000e-01 6.237780e+02 3.531051e+00
8.600000e-01 6.235889e+02 3.530824e+00
8.633333e-01 6.349862e+02 3.544514e+00
8.666667e-01 6.463191e+02 3.557924e+00
8.700000e-01 6.580320e+02 3.571574e+00
8.700000e-01 6.578336e+02 3.571347e+00
8.733333e-01 6.696633e+02 3.584917e+00
8.766667e-01 6.814162e+02 3.598203e+00
8.800000e-01 6.935573e+02 3.611726e+00
8.800000e-01 6.933493e+02 3.611498e+00
8.833333e-01 7.056049e+02 3.624939e+00
8.866667e-01 7.177666e+02 3.638086e+00
8.900000e-01 7.303203e+02 3.651461e+00
8.900000e-01 7.301025e+02 3.651232e+00
8.933333e-01 7.427673e+02 3.664523e+00
8.966667e-01 7.553133e+02 3.677505e+00
9.000000e-01 7.682472e+02 3.690701e+00
9.000000e-01 7.680191e+02 3.690472e+00
9.033333e-01 7.810609e+02 3.703582e+00
9.066667e-01 7.939454e+02 3.716358e+00
9.100000e-01 8.072003e+02 3.729322e+00
9.100000e-01 8.069606e+02 3.729091e+00
9.133333e-01 8.203245e+02 3.741975e+00
9.166667e-01 8.334673e+02 3.754479e+00
9.200000e-01 8.469415e+02 3.767128e+00
9.200000e-01 8.466885e+02 3.766894e+00
9.233333e-01 8.602793e+02 3.779477e+00
9.266667e-01 8.735379e+02 3.791596e+00
9.300000e-01 8.870366e+02 3.803779e+00
9.300000e-01 8.867644e+02 3.803537e+00
9.333333e-01 9.004025e+02 3.815683e+00
9.366667e-01 9.134884e+02 3.827196e+00
9.400000e-01 9.266371e+02 3.838630e+00
9.400000e-01 9.263453e+02 3.838379e+00
9.433333e-01 9.396308e+02 3.849788e+00
9.466667e-01 9.519050e+02 3.860212e+00
9.500000e-01 9.637297e+02 3.870152e+00
9.500000e-01 9.634392e+02 3.869910e+00
9.533333e-01 9.749080e+02 3.879449e+00
9.566667e-01 9.840892e+02 3.887019e+00
9.600000e-01 9.914241e+02 3.893025e+00
9.600000e-01 9.912783e+02 3.892909e+00
9.633333e-01 9.966316e+02 3.897266e+00
9.666667e-01 9.991142e+02 3.899282e+00
9.700000e-01 9.999733e+02 3.899978e+00
9.700000e-01 9.999863e+02 3.899988e+00
9.733333e-01 1.000004e+03 3.900003e+00
9.766667e-01 9.999114e+02 3.899928e+00
9.800000e-01 9.999328e+02 3.899946e+00
9.800000e-01 9.999213e+02 3.899936e+00
9.833333e-01 9.999865e+02 3.899989e+00
9.866667e-01 1.000012e+03 3.900009e+00
9.900000e-01 1.000014e+03 3.900011e+00
9.900000e-01 1.000013e+03 3.900011e+00
9.933333e-01 1.000006e+03 3.900005e+00
9.966667e-01 1.000002e+03 3.900002e+00
1.000000e+00 1.000004e+03 3.900003e+00
